    0.2760    0.4984    0.7513    0.9593    0.8407    0.3500    0.3517    0.2858    0.0759    0.1299
    0.6797    0.9597    0.2551    0.5472    0.2543    0.1966    0.8308    0.7572    0.0540    0.5688
    0.6551    0.3404    0.5060    0.1386    0.8143    0.2511    0.5853    0.7537    0.5308    0.4694
    0.1626    0.5853    0.6991    0.1493    0.2435    0.6160    0.5497    0.3804    0.7792    0.0119
    0.1190    0.2238    0.8909    0.2575    0.9293    0.4733    0.9172    0.5678    0.9340    0.3371



    



