   1.9060227e-01   2.3972585e-01   4.6337809e-01   2.3294959e-03  -1.1609171e+00
   1.0446549e-01   3.3353221e-02   6.4361966e-01  -1.0870113e+00  -1.5790977e+00
  -5.9471046e-01  -6.0373658e-01   1.1185448e+00  -6.3233946e-02   8.0916020e-01
  -4.2902506e-01  -1.4604688e+00  -6.0249962e-01  -3.9683268e-01   1.4406150e-01
  -2.9706778e-01  -3.1292339e-01  -1.0059595e+00  -8.2042023e-01   1.6737896e-01
   2.8746445e+00  -3.3104051e-01  -1.8649596e-02  -1.3005366e+00   8.5670278e-01
   2.6431744e+00   1.5586041e+00  -2.3145096e+00   7.1768995e-01  -1.2516012e+00
   1.0377427e+00  -1.3080119e+00  -1.0462437e+00  -6.4328230e-01  -1.4598882e+00
   9.4882634e-01  -3.2956624e-01   1.0931208e+00  -1.5143164e+00   7.2175583e-01
  -7.2298517e-01   1.7361896e+00  -1.1469436e+00   1.2759282e-02   1.0159011e+00
