17307 4471 16953 6970 5084 15420 6427 15581 11780 7415 
11282 570 4344 12292 15069 11163 13128 269 3289 12183 
12869 15424 3961 14453 456 5514 5225 12791 14532 5548 
4305 11282 7623 6286 3105 4639 16953 16241 13727 12316 
3150 12791 14532 16362 6738 8831 5548 16222 6006 240 
1219 11039 3332 3623 2341 1109 5084 5400 1306 14301 
885 4265 10549 3281 11606 11181 12083 12965 3332 5180 
11088 14453 6796 10946 2451 5925 16953 10041 7229 12231 
11063 570 2121 17323 6970 12292 6098 1469 3289 10582 
1797 1541 10041 16383 29 8903 6036 14312 2151 14549 
885 16376 12083 4639 17153 12671 9470 6028 2861 16342 
12231 9470 1179 6028 9591 5861 4655 7429 10079 15787 
14724 2121 14409 3426 570 14537 16376 12154 13727 17156 
14573 16878 4265 12965 17354 885 14620 1541 12154 6427 
16271 4344 190 5400 14927 7192 8903 2781 6796 7623 
14301 16146 5759 12581 885 10946 570 12160 6973 11606 
8781 11063 14549 16376 570 8903 8595 5731 12033 10450 
15581 12671 12910 13401 14366 9616 12316 5316 13461 14537 
1219 11606 11811 885 3937 16953 16376 7233 12671 14102 
15754 17559 12292 10549 14453 1109 2781 14102 8903 16878 
10819 9959 5292 14908 14148 14366 2341 3859 16127 14927 
2742 10729 4355 15295 15562 481 7154 13592 8180 4950 
885 3370 2742 6427 12073 7415 16342 12292 481 3289 
12910 13461 7233 16376 14312 14998 12298 14148 9110 6828 
9470 3623 6971 14239 8903 16271 1427 9959 14148 12784 
12965 14643 13358 16342 2912 5180 481 6859 14214 2742 
14239 15061 6971 14549 1753 1961 7056 7616 4431 7229 
12581 356 16342 11172 7970 17188 481 4971 12880 1143 
1143 9591 16451 2341 2659 3859 1541 3370 5400 17153 
6036 12160 1961 6133 2371 10582 4950 6858 14537 1306 
16383 2912 4305 3937 1961 10946 12731 12154 17626 11442 
570 3916 5495 15106 8595 14357 11063 11606 5861 1109 
14102 16081 6614 10729 17153 13650 17338 10357 12784 15757 
14102 12292 2912 12965 6474 3281 14549 11606 14620 312 
16376 16878 16383 12298 9110 12910 13461 12671 10377 6828 
15061 16953 14620 4305 16878 17156 4471 11282 14102 2861 
16953 17681 5091 9928 8225 12936 4471 12231 6028 14690 
1201 5581 14357 9627 5471 11780 12342 16264 13613 174 
8831 13081 6738 10773 8158 5514 8781 16222 10831 12083 
2121 13613 6973 9050 12604 6796 5225 6738 1753 13635 
9959 3916 2873 4431 6036 8903 12731 14381 5400 1179 
1904 2781 13727 2861 11063 12581 12073 15061 9959 10773 
4344 13592 12869 885 11606 2742 3370 16342 8158 481 
14239 2781 13727 12869 14549 2861 3623 16376 7056 14960 
16241 4122 7616 2151 312 12298 3859 9110 6828 16127 
12581 5180 3755 5813 15115 29 12731 12033 14666 7192 
11039 3937 7634 15204 14620 5495 1109 1904 3961 11088 
14690 570 5925 11063 12083 7903 4305 16271 17087 14311 
2861 2912 570 15061 11282 12869 14549 15204 4305 16878 
3150 16271 2861 8831 8158 6738 6427 10831 6028 16792 
7634 29 7280 5787 871 17148 7970 3824 3445 2371 
12292 3289 16271 8763 6205 8326 6832 2451 11520 6427 
13727 12033 16953 7233 17156 1961 12160 8595 14239 10041 
13401 15645 12731 2912 14643 12880 482 360 12073 6349 
6028 1469 14239 5861 11520 8326 6474 3916 12231 11088 
11520 1219 12581 2451 2151 12671 9470 16878 3937 3105 
13727 16376 17156 16667 5861 9755 13254 8763 2781 6286 
3604 12292 2359 6028 16498 7415 11164 13254 17473 16383 
4265 16376 4305 4639 14148 2151 14312 3105 12581 6286 
12083 1179 8831 10773 12791 14532 16362 13081 481 16342 
7429 4576 10079 14102 12316 6286 11282 14312 14301 11063 
2151 9755 17087 12910 15392 757 14659 6691 7616 6286 
4431 885 12581 3150 8643 10357 11811 17323 6474 4950 
16138 14311 12292 14239 1201 5471 14711 984 6973 14724 
4265 9470 4344 2577 13613 17507 5925 17430 2014 12033 
14998 1469 14453 29 12231 456 1864 757 356 6365 
12791 7429 14532 10079 16362 5548 16146 4344 6028 6006 
3683 2781 16953 10490 8326 6971 13727 12903 10041 17153 
4639 11606 6286 12869 7233 7616 29 6474 2151 15581 
12292 1219 13080 10549 12337 1144 3937 11264 2579 13886 
6286 6205 5180 5400 7616 14102 15069 12160 2659 11163 
757 11336 5495 3937 15204 14102 10169 1961 7634 16881 
4471 1469 6028 16968 12337 14927 13846 8781 3370 8903 
6385 16376 4122 16878 11606 14102 4576 2151 11836 8392 
11606 1904 5495 6971 3623 6133 2341 12731 1072 5923 
6449 17173 12791 14532 16362 2577 3874 7785 5548 16301 
12880 1179 17156 8903 11520 13727 14549 9470 11606 15106 
885 14102 11811 8392 17168 2912 4431 12965 14537 12910 
10450 8326 5514 10773 14357 8831 356 14998 11164 4639 
14312 10167 11520 6971 16376 9339 3961 2451 2151 14409 
14102 14312 6286 12731 16764 12298 10377 7616 9110 13461 
174 6973 14453 4265 15886 4355 8643 8595 5861 14620 
14311 6385 11088 10946 174 4265 3916 6973 2861 15069 
12316 7616 9755 15581 14312 6286 9339 5316 6971 2151 
11063 12342 12917 15061 5471 12083 16241 9339 17307 10450 
3961 10946 2371 15645 3937 456 3150 14453 5495 7429 
15069 11163 269 2151 11282 16710 12183 13128 12529 7429 
13762 12292 17307 14311 10041 9591 10374 11088 4122 13613 
16376 10946 1219 13254 4305 3863 12298 6133 8643 1904 
1864 312 5308 8437 11270 15306 2941 5238 3077 5413 
16881 9727 8392 570 5084 6286 29 14102 15115 885 
5495 14312 10946 15204 17323 5400 4995 6385 3426 6971 
16376 12581 4431 15106 6970 8903 12316 12160 14312 6796 
13650 6971 11282 15123 5316 15204 16241 12469 7616 12316 
5495 10357 4971 240 3824 10905 4589 9727 2370 2742 
12581 5990 13254 17323 1718 12689 5317 16081 10357 1427 
12910 13650 16241 6385 12469 6971 14312 15204 4122 14366 
12581 11811 14102 6286 11021 29 3105 14927 4305 3281 
16127 14239 9110 12292 12298 16138 1143 2371 15843 5292 
2861 12231 14620 1219 3961 8595 16376 1179 12581 4639 
7785 6028 6796 17386 2121 3319 6273 14453 4655 9613 
11442 3426 11520 17626 11088 1904 10167 14239 11282 5495 
5225 1718 6449 2577 14273 16702 9169 7903 17386 8845 
12292 11282 16376 12869 15123 17156 1109 17354 3289 14312 
3623 9470 6449 481 2577 17173 3874 3899 2014 11172 
7634 3937 3150 14102 14537 3961 5084 8643 3859 15581 
14239 3859 11282 16878 3961 3105 2781 14620 14549 14573 
4344 17153 6449 2014 12499 17173 14855 3874 481 356 
4639 5731 13080 17156 174 12581 12292 9470 1904 14620 
9339 4265 15061 14239 14312 17156 3937 3623 11088 12731 
12316 12154 14357 12965 3937 3961 17354 10167 11811 17168 
16706 17559 16271 10450 14620 12604 570 16383 2121 1904 
5731 11063 12231 6028 2341 8326 570 5861 13592 4344 
2861 14239 16953 5581 11520 9627 11282 16264 4431 5731 
11148 9616 14573 11039 8643 13401 10041 6036 16953 17323 
12880 4995 10357 13358 16953 8392 17168 5581 16451 11780 
7429 8595 7744 15645 6028 5861 14549 10079 12231 12160 
6098 8326 174 8595 570 12581 9591 14549 1864 11063 
2781 6973 11063 11282 4265 14549 14102 2861 13727 174 
10549 15115 7415 2371 9727 3604 12784 4971 9881 13672 
16241 11811 11606 13254 3281 17173 7785 3874 6427 11572 
16451 2371 2451 12160 3937 11021 11088 14620 3426 10946 
2912 17168 11021 11606 3623 2341 1427 16081 1494 5291 
5861 5925 570 11063 15424 5923 2341 2121 2177 787 
7766 12469 3426 11063 1864 12917 11021 5861 2151 12581 
13080 5084 3370 1072 10905 5326 405 5238 9938 11133 
15424 8903 14549 3150 13613 6973 16968 7744 12292 7232 
2742 17153 11606 5581 10549 1864 14239 3370 12581 885 
11811 5925 6028 14312 16376 4431 2341 2781 5923 16127 
12292 2861 190 12154 16953 11520 11606 14711 14239 1219 
11039 14301 16146 29 5759 11811 17156 4639 16878 3961 
7233 3370 12581 13613 16639 12965 3281 11076 885 14148 
2451 1904 13358 11520 16881 15843 9339 14537 14312 8643 
17354 4355 4042 8742 15645 16285 8386 2111 8378 2341 
3105 1306 14312 2151 11676 12671 6971 14148 7233 6385 
13049 15581 1144 6133 7616 13461 4995 6691 14148 9339 
16271 8903 11780 14549 12869 11811 10041 13727 12292 17156 
8763 8392 7330 4265 1219 1306 4950 16881 15470 3755 
14409 3426 5495 8686 1179 17307 17156 4639 10946 16376 
5581 6286 3961 16878 14549 9627 11780 3937 16264 10041 
12869 2861 16878 14239 17156 4305 10041 8326 797 3370 
10450 17354 17156 5084 12917 12869 10041 15393 11164 5514 
4576 6973 11088 5613 14998 11151 2341 15106 4344 5861 
1904 29 17307 16081 15123 8781 12083 10582 14409 2579 
885 3150 14102 2912 15754 3916 13080 5344 7232 11489 
11606 11811 13254 1072 16706 4971 3863 3637 15886 4471 
2451 11520 7766 8903 16451 6028 12073 3370 7056 7229 
1904 885 3281 14102 13080 11606 14620 11076 11039 17323 
6286 6205 16342 16301 2111 12833 2121 15295 1143 8643 
6971 15204 12469 15123 17168 12910 14711 16764 2199 10122 
11148 12469 1144 10358 14453 456 10374 15057 13301 6273 
13101 16138 11520 1179 12917 15061 16878 3961 12469 312 
14549 12671 16376 12869 6738 240 16222 14279 3797 11572 
8446 16953 11780 2781 13080 17084 10041 12292 12890 15886 
2451 3105 11520 16376 1904 2781 7616 16878 13080 4305 
2121 8158 10450 15921 5514 11606 570 13081 8831 10773 
12581 29 11039 6028 7192 14998 15123 16241 11181 1144 
16376 7233 885 8595 12316 14549 11282 13727 4305 8903 
11336 8595 5581 16264 9253 3961 16878 4305 11282 9627 
15424 6738 10041 12292 17153 9817 8158 5570 1179 5581 
2121 15123 12581 6973 10729 4971 2742 4431 14312 3937 
14549 15581 12869 3916 8595 6796 1753 7232 17156 8903 
4305 14312 5923 7233 16241 16376 13080 15204 3105 13650 
11021 2341 10357 12965 5613 14453 1904 12160 3281 12231 
12316 15123 16376 5495 15581 16241 5316 6286 14312 6971 
8914 14311 6195 14239 12154 1624 1904 16264 10041 2429 
4995 8446 16376 6971 12469 16241 7623 17084 11676 12890 
12316 312 1144 13461 16764 14711 16127 3924 5292 482 
12910 7233 15123 12671 5316 6971 3426 12917 6691 1306 
14357 14239 2341 6098 7429 4344 12154 5514 456 3916 
17338 9959 9591 9425 5731 16764 4995 6098 11151 12917 
17307 4122 1904 4655 312 3937 4265 11021 16878 15123 
12154 1961 16881 10729 2451 2341 11021 14239 15106 5495 
11520 11063 11606 2451 13358 14690 14239 16383 6028 7766 
12731 14239 2371 13049 4995 12316 3937 3623 5180 12337 
11336 16878 7623 11282 15123 6036 1904 6970 2371 16953 
10358 6286 9616 7233 15843 4995 7616 7623 3105 29 
12231 4344 4639 10450 16138 16639 16706 9959 10773 7616 
16138 312 14549 14102 3961 15061 1541 16376 3937 15581 
3859 3105 4655 11282 16764 570 10946 312 9755 13101 
14366 4639 15581 16953 7616 12434 3609 1797 15123 6385 
14312 7623 7233 11606 9339 6286 5316 17323 4122 6133 
7744 12292 12671 6273 4655 2451 13727 14148 4576 3105 
405 1072 5238 3863 8392 10905 5153 17404 5326 16356 
1864 16878 1109 13461 11811 1961 312 4744 6474 9616 
11811 5084 13358 3150 2912 8643 3916 4355 2742 17763 
17323 11811 8392 1072 405 5326 5238 11133 9938 17404 
11282 5861 12083 570 2121 14549 8326 17153 10773 2341 
7616 6286 15581 14537 5316 312 7623 4639 13101 9616 
6195 14690 4639 4305 11063 6286 2861 13613 8914 6028 
4431 15581 312 13101 3824 4971 6858 5938 16127 5292 
14366 11039 4305 3623 14549 16878 12869 17156 12469 5344 
11520 14239 5084 11811 14102 2451 4265 13080 8643 11088 
11088 10041 3924 312 570 6205 3961 8763 14690 5861 
12869 16376 885 4265 4639 4576 14381 1797 1541 6427 
8763 4655 16138 6832 3924 2094 10374 10927 10358 467 
14148 12298 13650 12671 6971 14620 14537 11076 6843 6133 
8158 16271 8326 14620 14357 9597 871 5514 5537 8817 
13650 12671 3105 570 16241 12581 12316 7616 4344 6036 
14711 10377 15106 2781 6973 3623 9470 1904 14453 13727 
15843 15901 7415 15115 4042 14939 2094 9959 15150 12965 
6691 11088 12671 15123 9339 6205 14690 15843 4042 6029 
14927 6796 17087 14711 11181 6133 13049 17478 5581 7232 
14311 9591 3426 8781 1109 10946 4744 3937 12581 1179 
13080 16878 4265 10357 2873 12337 2371 14239 6133 5495 
16241 15204 15581 6971 9339 14312 7233 6286 17168 14537 
3863 2341 5990 5153 5238 10230 17404 14889 12689 8392 
1904 5861 6273 7744 6328 13051 10773 16871 9727 3319 
3370 3150 1469 6205 10582 12154 3937 5495 2371 5400 
9470 3281 1219 1109 12581 6036 4950 15787 356 1961 
2341 885 570 5731 7280 13592 7429 12880 14998 16878 
14239 12337 12154 1904 14690 14102 14960 7056 190 7229 
17168 11676 6971 7623 11313 14573 16127 5292 1541 17404 
8763 2781 885 6474 14102 6973 14549 6205 570 7192 
11282 6286 6971 17087 15581 6385 15069 14537 11163 13650 
6098 12292 8781 3916 3150 2861 11811 8326 5861 10773 
14724 14357 14659 10169 14583 9235 11336 10417 13662 3150 
11063 2121 4344 6098 10450 570 1201 5471 12342 5514 
15392 6474 9616 13650 11088 14312 11039 312 17087 2151 
13358 11442 17626 14239 7229 14102 7056 12869 11811 11520 
2742 10819 4639 11076 3370 4344 1179 1143 14620 11282 
17156 16878 14148 3924 7363 1143 2208 4544 10377 3824 
570 14102 12160 3961 11282 5084 4305 2781 1864 7766 
16376 13254 16968 6098 10450 10773 13846 11606 15123 3859 
1143 3623 15069 7616 11163 7623 13358 7233 12581 269 
15754 16953 2742 3150 6796 16667 328 1494 2802 15420 
15754 6691 16764 6971 17559 16667 11811 14537 7192 11063 
11088 1179 12671 12731 11021 14312 9470 4042 13401 7280 
12869 14620 6427 11088 6098 13592 8831 14381 17763 2121 
12581 6474 11606 2873 3332 14239 17168 10946 3937 15204 
5925 8781 15424 3924 9959 5570 11063 16383 14481 8595 
2341 12581 10582 14049 3937 12231 6858 3604 4344 7039 
14312 11520 14239 13727 3937 14620 3150 3961 17087 12965 
11520 2451 14239 7280 5180 5938 14711 10729 11181 8643 
4744 4655 9616 11606 3623 12581 7634 4431 16081 312 
2121 14381 14357 14868 14481 11164 5537 10450 13579 9881 
14102 11606 11811 13254 2371 12965 13358 12581 12731 17354 
8595 2161 15860 4995 8467 17306 14148 11151 10377 4305 
14381 3445 12337 14184 6509 5581 17430 14868 7056 7229 
1864 2341 12581 4344 11021 4471 2742 6449 16342 17173 
29 1904 12160 11039 1469 6028 7903 3370 7429 8446 
12231 6028 16138 5316 2151 11063 6385 3859 11836 14659 
12671 3281 6205 17168 885 16878 11021 10167 17156 2861 
14357 12342 1961 12810 16451 4655 14690 14741 10946 17626 
356 11606 2912 10946 4431 6449 17173 7785 17188 3874 
5084 15470 8446 1427 14301 16146 5759 17084 8115 3370 
8643 5581 16264 14549 17354 14537 11021 16953 5861 14239 
2171 787 14239 16586 8534 11088 12231 14620 1904 11063 
6858 7429 6474 6385 3105 29 5180 6407 14620 4639 
16878 4639 8643 12073 6029 17168 6286 6385 3623 12965 
1219 17156 15843 5925 11063 9339 4305 12316 12581 15424 
6286 7233 5316 16376 14148 312 8392 13650 15123 17168 
14239 885 10549 11520 5861 6973 2451 2912 10946 14453 
12073 2781 4355 4265 12869 7585 4576 11572 2861 14279 
10041 12337 7192 17156 11520 10946 1904 13080 7056 14960 
13727 6286 14102 14549 11780 7744 3937 885 12469 15123 
11811 4576 11282 15424 17323 1541 15069 14573 11163 13128 
6973 4344 12292 3961 17681 5091 2341 9928 1469 8225 
16127 13080 13650 5292 14573 1541 16376 11606 3281 14102 
4265 6133 13080 14537 15843 15204 11313 1219 2371 4971 
15754 6970 11282 3937 11021 12869 10549 16376 2912 14690 
2781 1904 16383 10041 14311 10819 16953 13727 15123 5316 
3937 1109 11021 2912 14239 15106 12160 11520 8781 2451 
14549 8781 14357 7634 11063 16376 1904 2781 7766 10582 
12337 1143 10041 4305 2781 3370 7766 1904 14311 7229 
14239 7744 14927 10357 885 2371 11282 3623 3937 4431 
29 16376 14620 15061 3937 3150 14549 11282 11088 9755 
12791 14532 16362 16062 298 3319 311 8316 330 6006 
1219 885 15204 11021 12469 13080 11181 4431 1904 1144 
13080 3937 14102 16376 3961 13049 2781 13727 10946 190 
6273 7623 10819 12917 11282 14311 8903 9959 14409 11780 
7616 1179 11063 16376 11606 312 8903 6970 12292 1427 
6286 14312 11676 6971 11282 2781 17156 16953 1961 17153 
1219 16878 16667 5084 1961 12917 4744 6858 3824 6828 
10549 16376 2861 2161 15860 8467 17306 10041 8903 16953 
14690 14357 14239 8158 12231 5084 12154 3281 11063 1904 
15123 8386 3824 4971 1219 11076 13650 16376 6474 6970 
16383 16376 16953 5923 3105 14312 4305 7233 12316 17168 
6970 6028 2121 5861 4305 14690 3370 7192 6796 13613 
14102 11811 12154 2371 12337 6036 9441 6133 13762 7415 
14239 10041 12073 8446 15061 15069 11163 4265 17084 16081 
14409 2451 15886 14453 5495 14148 11021 3937 885 3961 
6098 15424 12292 10450 6970 16706 8781 7233 12869 14549 
14239 17156 10041 11088 4305 13727 11282 7623 8903 15106 
9339 15106 14148 5731 17626 11442 12880 10853 1641 8742 
7192 312 4122 5308 11270 8437 12581 15306 3077 2937 
12869 6286 15123 4655 10041 12292 14927 16953 8903 7616 
4431 14409 12154 17173 6449 4042 1072 14998 7232 5344 
2659 9616 17559 5570 1541 1143 12033 4301 10041 8326 
10041 797 6273 2861 4305 9591 984 5084 9425 16667 
10041 2861 2451 11520 14239 8326 6444 7585 12073 6427 
14453 1864 3150 12231 11811 2912 12083 1904 8643 15424 
8903 4639 3961 11088 2861 14549 14620 4576 6970 7232 
12581 9470 11039 6858 1961 5400 15204 10549 29 12671 
14148 13650 17168 6843 13049 5495 17323 2151 1144 14537 
3281 11606 2341 2912 14357 17173 2742 3874 3370 481 
11811 6028 16376 15123 17156 10549 570 7744 13592 7429 
13727 4265 16667 14239 11076 15843 14620 482 13650 6349 
16376 14312 17156 1143 15123 12316 5938 4431 16241 17153 
12231 6286 9616 17087 15843 11780 12073 16138 11336 4431 
885 1961 3859 4265 5344 6427 11039 2371 12731 10946 
13049 4355 5344 17354 14312 7233 13254 11811 17156 12469 
3281 12965 12160 11021 10729 12581 13592 14301 5759 16146 
2371 6970 13049 3961 885 14573 6973 11181 6036 1541 
5317 2121 6041 15392 9591 2341 11063 3916 3859 9727 
13358 16451 3105 1109 885 6028 4471 14573 1143 6385 
4431 1961 1219 1144 5316 6286 14537 15204 15581 11148 
7233 5581 16376 14312 11606 16264 885 10041 9627 16953 
11780 11151 15106 13613 11811 1904 8326 2781 10946 1109 
4995 1797 5938 13461 16383 3609 7623 12434 4744 13101 
14927 15843 4639 11676 2781 2861 16878 12316 11063 14549 
14311 1219 6843 14643 3859 12469 5316 3150 3426 12316 
12316 14549 6286 3961 12154 16451 12337 8831 240 14927 
8326 10450 4305 11520 6133 2451 570 14239 7280 6973 
7616 3961 4431 14102 1904 15123 11606 12581 13650 6474 
4576 1904 15754 14537 9616 1143 12231 3961 7616 5225 
2451 14102 11282 2781 14690 13727 11520 16081 11039 6286 
6427 16953 10946 4305 8643 6738 3078 7229 14690 16383 
14620 3937 9339 15581 16241 5316 12469 4995 6286 5495 
7233 16376 14312 16953 17087 16127 12298 5292 10377 9110 
15581 13650 14549 14620 10041 2161 15860 1797 8467 17306 
1961 3281 2341 5495 1864 4344 6474 885 4042 5084 
1469 14927 6970 3281 16383 1904 3961 6028 4305 8903 
12292 3289 16953 17626 13613 5316 570 2873 1179 4576 
6036 7056 12869 7229 10946 14960 12316 2451 11520 11282 
2781 14366 14312 8763 14357 11336 2451 14311 9959 3859 
12581 11676 9470 8643 10549 4355 14998 4950 14453 456 
10819 11780 1614 3105 6474 1797 13358 1072 16878 14927 
6286 9616 312 11270 5308 3077 15306 2937 8437 15688 
4995 6286 17323 16376 6474 11148 12469 5316 2151 1144 
14620 5861 10946 11088 16706 5925 6028 570 15393 13592 
7233 2912 14312 12316 17354 7936 15115 2873 1072 2127 
12154 2371 14239 11520 1904 4431 16376 1219 1306 11039 
15204 13080 12469 6843 6691 14711 9755 13727 6971 14312 
9339 14537 12231 12298 6286 5316 11606 1864 3370 2341 
5084 14549 3937 885 1427 4122 6286 1179 6971 12469 
6205 12581 11606 11039 12231 12160 885 11021 2121 16451 
14357 6973 6427 5613 13727 3961 10946 14381 15393 2464 
7616 6286 9339 13080 3961 9755 10946 6385 1306 16706 
14711 1904 5495 3105 4576 29 15106 885 4265 8903 
6028 13401 6036 4950 10729 15123 1904 3755 11442 1306 
15754 12731 12154 1904 2912 16383 16878 11088 3961 12869 
788 9592 6098 17318 16953 6204 7927 14690 3426 11780 
11606 3370 885 10946 5861 12231 2912 5084 6973 6028 
12292 17156 12604 9050 11397 3289 13301 11336 6195 13635 
5316 16881 6286 3937 1144 10946 3961 5344 13101 9755 
4995 16127 12910 12316 7616 2151 16667 14312 12298 13461 
3637 1904 5316 1306 12469 11676 5925 3859 7903 15424 
13461 16383 15581 14537 10946 16127 2151 11811 14366 12316 
6133 17354 12581 12965 12083 4471 14998 2371 4971 456 
3604 7192 14690 6973 1179 3961 14549 7766 5861 2451 
14711 4995 15123 5495 5316 16376 2151 6843 15886 16241 
17087 9470 1961 9755 3859 8763 6832 16706 6828 8635 
7233 12671 12316 13080 13727 482 5316 4305 4431 7616 
16667 4265 4471 7616 15581 12910 14537 7429 10079 16081 
3445 16271 4391 871 14868 472 14357 17559 9959 1323 
17168 17323 7623 3859 14549 2781 3863 1961 3637 6036 
12073 17626 11442 14620 12337 3604 14184 3937 14049 9050 
10549 6133 12581 14148 17214 1101 7330 14573 8392 3370 
11811 17323 16376 17354 4431 6286 1904 7233 2912 14312 
5400 4431 16376 12581 10549 15106 174 4950 12910 11676 
14357 8781 1469 12231 16451 10549 11676 4950 14239 5613 
13080 12581 3937 1109 13401 11313 10549 16376 13727 10582 
6427 8326 12581 14549 7229 14239 7056 2451 11520 570 
3937 6971 10946 4995 12337 17168 6474 11811 17323 16081 
11088 14239 14690 11520 1904 14620 2451 5925 2121 7766 
15106 4431 11063 13727 2781 11282 11676 5925 13613 6036 
10450 4344 6028 8903 5514 16271 11164 174 9727 8158 
6973 11063 5861 12231 3150 570 2121 2861 16968 174 
6973 12880 6133 9470 11282 4950 14301 5861 13358 12083 
5316 6286 6971 12316 15204 14102 9755 15123 12910 12160 
6427 3863 5990 9527 5238 17404 5153 12154 4632 7363 
13650 16383 14312 9339 11282 16376 2781 6286 16127 14620 
6973 7192 570 11021 4344 7766 15754 2659 13579 14381 
4355 16271 1179 17156 14549 5084 11282 12231 4305 10582 
7056 11520 14960 14690 1904 2451 14239 7229 12160 190 
2151 6286 12231 16138 174 5731 6028 9616 10157 3367 
12910 14312 16878 12316 6971 16241 12469 14366 17168 7623 
14148 11063 11606 12671 3961 10946 11088 13254 2861 9616 
4122 3105 16878 6971 1904 9616 6970 11076 5308 11270 
10041 12073 17156 3604 2451 1179 9339 7623 12469 13401 
12298 16138 12073 17307 9110 11836 8643 4305 11282 3961 
7616 15581 16376 1144 312 11811 16878 6286 13461 15843 
15061 13254 5316 11063 6385 5990 3863 1143 16953 8763 
4471 1904 14537 14409 6286 11606 7233 11021 6028 14998 
14549 4639 6427 12073 885 14312 10946 8392 4305 13358 
1904 29 14453 5923 11181 10582 456 2177 15886 12837 
3916 757 16639 7634 14381 5400 15757 2341 4042 10167 
8781 6973 12231 5861 1864 15581 6028 5613 1143 4576 
16376 1904 3961 3426 7192 14239 14357 11520 2451 16878 
6036 3150 3937 15106 3961 10946 2371 11076 5400 10357 
1864 5495 2781 13080 14690 9470 6133 11313 4589 16081 
16953 13613 8781 11676 3150 7623 6970 10041 16706 14453 
11063 15123 11780 14453 6098 15393 2451 11520 13727 3150 
6738 12292 8326 2861 7192 14549 4639 14537 15754 17354 
16376 9339 4995 1306 16241 6843 7233 16953 13650 13461 
885 5400 6133 14620 8763 5344 6832 6041 1072 14998 
12316 16376 7233 6971 16953 12469 4305 6286 12910 16383 
12292 11151 6970 5923 13613 1904 5581 17338 9591 14690 
4431 3961 15123 12581 11606 1904 15754 16138 1109 8446 
13358 10729 8643 1427 14312 5316 7233 11148 16451 11520 
5495 3961 15204 3937 9470 12784 11313 15886 2861 3924 
9755 6385 7623 12671 12581 12731 13650 4122 7766 10549 
11088 10946 17354 4305 2912 4950 5731 14927 10819 16383 
14453 5861 11063 5925 11676 1109 15106 6036 174 456 
4995 6036 6843 1904 14148 5495 17168 10167 9755 2912 
11442 2451 8595 3859 4576 11520 2151 13727 6971 6286 
10167 606 16764 3824 7280 13254 1179 7744 13051 15392 
15123 9339 11282 13080 17168 14312 7623 17156 16953 3426 
11063 5925 10549 9755 15392 3937 12083 3859 15424 8763 
5581 16264 9627 12292 3289 11063 2121 6738 5225 1718 
3623 11039 1427 9470 15123 11181 1306 16376 3961 6843 
7429 10079 14301 16146 5759 456 7280 11063 8115 12581 
14620 11780 2451 16953 15204 1904 3150 1109 3937 3961 
6385 14573 15061 13650 6286 6858 5316 4639 16953 15581 
11811 17323 11606 1072 5326 9938 405 5806 16112 5238 
2341 11151 3332 8850 16791 12837 5787 7512 6204 2429 
4576 8781 6286 12231 11021 4305 6205 3105 5400 4639 
2781 14549 2861 16376 7766 12869 17156 10549 8326 885 
14573 29 1541 8903 16451 885 5180 17307 6286 16878 
11282 14620 11088 6028 15106 16342 15393 2341 1143 5627 
14724 11039 11520 12154 885 1961 17087 3150 3370 2781 
9959 12073 7623 3078 15061 7616 12154 5581 7056 7229 
17354 9470 1904 3961 5400 1961 8595 14537 1219 7280 
15204 3937 5495 14690 10946 13650 12917 4305 1797 14311 
2371 15123 12154 6133 6036 12337 5495 3637 2185 222 
15424 8781 12581 16376 11063 5613 11021 12231 17156 3281 
17473 14927 4134 1469 312 1541 4329 15057 2451 10041 
14366 1797 16241 12671 13650 6971 11676 17354 16376 7233 
12316 16953 12731 3623 11063 15123 11076 13080 6971 2912 
14239 6028 12231 16451 7056 13727 5861 13613 1469 7229 
12292 17559 10041 16953 14927 6970 570 15754 11063 9591 
5400 11076 4431 11676 12160 4744 1904 1961 2371 6036 
14312 6286 8686 16376 16878 5861 15106 4355 9885 7429 
7508 3683 16551 5925 1904 14620 3961 12231 11063 17620 
3105 4576 5495 16878 2861 16376 11282 7616 6286 9755 
7429 14453 15424 10450 10079 8781 5514 11063 14381 14690 
11151 9470 17156 17338 570 16953 11063 17168 3623 1864 
12073 12917 11780 3924 9591 9470 1961 7233 14690 15123 
12073 13762 13391 11088 2659 4639 7623 7363 17156 4301 
17153 4305 12869 16376 8903 12292 2659 4544 13922 9727 
14381 2451 8595 16953 3150 174 2161 16271 12316 16376 
11282 15123 1904 9339 13727 11148 15645 13922 14311 11397 
5581 9627 16264 10819 8291 1405 9253 11322 606 15921 
14453 1219 3623 570 16376 4576 12469 15106 3281 1904 
17323 5861 7766 12917 13254 13461 8903 6738 14357 12073 
14239 11520 11181 5613 5861 4305 16878 6028 11088 2451 
3937 14620 3961 10946 14049 9253 3604 12500 7232 6796 
6427 3604 13592 17156 17153 3961 12581 2121 4305 11063 
10946 8595 5861 12316 2121 14690 10549 1219 5495 14481 
885 2579 14711 6858 16081 17307 8635 9644 12880 3824 
16706 16953 7623 12292 17168 16241 3937 6204 14620 1904 
15123 5084 11039 190 12154 12784 12337 5938 6971 6286 
12292 2451 12160 2912 7229 13592 7056 1961 12869 11021 
14711 6286 9339 17323 13727 12671 1109 3150 2151 16376 
3426 12833 16301 5102 16586 2171 8534 7694 2531 3443 
12731 2781 12292 14549 12869 4122 11021 885 6286 4655 
12292 8386 6691 14998 17153 14453 6973 15106 4431 2781 
5180 1109 11021 6028 4950 15562 4042 1219 6859 6759 
15581 16376 9339 12469 16878 12671 7616 1144 15061 15123 
1072 17323 15115 5238 5326 405 11811 9938 17404 8392 
15123 14102 5316 1109 12910 8392 8326 8686 13080 16241 
7280 4344 757 14998 2341 3755 570 6970 13613 6286 
8326 12292 3289 6738 12791 14532 16362 8158 15921 5548 
5923 5613 14453 4355 7634 5861 570 12231 1904 12581 
14549 3961 5731 4344 13592 11606 1864 2912 11021 12869 
4431 29 12581 9470 3961 1904 10729 10582 11181 1427 
1904 8781 14549 11063 4122 4576 17168 6973 570 11021 
5053 11336 12292 2451 16383 14453 15843 16878 3623 11063 
7429 8781 12231 3150 10079 16968 7616 7741 13846 3916 
3426 7634 5925 4431 9470 3859 15886 15424 14312 15123 
14927 4122 3105 16383 4305 16376 11282 16667 4639 14148 
3281 3916 11021 11606 14102 10946 2341 6449 17173 11811 
13049 4122 12316 14537 16241 15204 7616 1109 13650 1144 
14711 6036 14148 1219 1427 6971 6843 15204 12671 14312 
17156 6971 16376 11282 17354 29 16383 2861 5613 7744 
4950 14148 2111 7330 196 16921 7512 7154 8839 13621 
885 17323 6427 11811 13254 1469 1072 7056 14960 7229 
14312 6286 12316 6971 7233 16241 1219 12671 13461 6385 
3150 11313 13049 15581 5316 14312 15123 6474 6971 14537 
1961 15843 14549 16376 3961 4639 10946 15061 15106 5731 
8763 11063 4355 6832 6614 12292 3289 4544 17708 16604 
12292 11520 5084 12965 7056 14239 7229 14960 8326 5731 
13254 757 12581 2579 16081 6365 15921 1072 6614 174 
6971 11181 1144 15123 1904 15061 12581 29 8044 3824 
6028 2121 3961 12880 1904 16878 13727 4431 11021 5925 
13592 6971 12671 12298 9110 10377 7682 1973 6828 2442 
10946 15061 7766 8686 12917 14184 6858 9885 6796 12073 
12469 14312 14366 17168 6971 11148 7233 12316 6286 15886 
6286 11148 17153 4639 10377 1753 6796 17307 14952 16062 
9470 15123 3105 4305 1961 5180 16081 1541 15562 2579 
14312 5861 11039 7233 570 12671 12910 13401 1427 3863 
17156 14312 14366 1904 13613 14549 12869 5495 12073 8831 
6036 13080 16376 10946 8326 2371 12671 17168 6973 4431 
14409 12160 14312 14690 14366 12784 190 12154 5694 17626 
10946 14453 7056 7229 3937 2451 12337 14960 17626 9470 
14357 14239 5581 9627 11282 3961 7056 7229 6286 11520 
13254 4744 6474 2912 11021 1144 11148 6286 12231 4265 
5731 570 2861 6427 356 6738 14453 12083 8781 456 
5316 15123 3105 1144 13650 13049 13358 14620 4431 3426 
8781 4344 11021 12083 3150 11063 2121 7634 13613 6133 
13727 10946 2451 14960 3961 7229 7056 11282 14239 17156 
15123 14312 9339 12671 11676 16241 6843 15886 14366 13461 
14453 11336 14620 1179 3623 15123 3150 17168 7623 3937 
5613 312 14927 14998 4655 4305 1541 11063 4122 12160 
17156 12581 10041 5581 13727 4305 13254 7056 7229 12869 
4655 570 12965 16376 5495 14549 16667 17168 6205 6970 
14381 174 2121 13727 5925 11063 6973 12791 14532 2464 
4995 7233 12671 11676 4122 16241 15204 9339 5316 16383 
16878 312 11039 1109 4576 14239 4431 10582 3426 1797 
14312 12869 14102 7233 6029 16878 6286 14549 5084 11606 
8831 6738 12292 2121 10773 11063 5861 8326 174 11606 
13592 2121 3916 6028 12231 5925 11021 16639 12083 3370 
5316 3961 14620 6286 12910 4431 1109 3937 10946 4995 
8446 2151 1219 6691 17084 7623 11282 14102 12231 13254 
13727 9339 5925 14690 13401 2371 6036 4265 13080 5861 
6843 2781 15204 13080 16241 16953 4265 13727 17168 10167 
1541 11282 3961 5495 14573 2659 11088 3426 17156 12869 
8686 6474 1219 3961 15123 14620 2781 10549 13080 1904 
12160 13401 2371 14537 4431 17354 5495 17323 6133 6036 
14102 6385 15204 16383 9755 2873 14659 7239 16338 6346 
16451 16376 4576 11021 3105 4431 12880 4655 17087 1541 
3961 15123 5990 12337 3924 606 1143 14214 9881 13922 
11489 5761 16062 15392 16791 14666 6614 1173 14301 11063 
11039 13358 14998 757 6029 16081 15562 1219 5806 13470 
11151 12292 2861 8903 12298 13727 9727 17156 15106 1904 
11780 14311 4355 1109 174 2861 12880 456 6970 3961 
3426 12154 2121 14239 12917 3332 10946 14409 12316 15069 
6286 1306 6385 12469 4122 16764 4744 3150 1219 11063 
885 11606 1469 2341 2912 11313 12083 1219 1109 11039 
15901 5155 7415 6407 7232 14780 14939 8957 5787 4077 
16667 7192 6970 12731 13613 6133 6971 16241 14620 1961 
4639 4122 14102 11811 6385 6427 15581 6474 3937 7616 
2371 5495 1219 12731 15886 6133 5400 6036 12154 3937 
5731 14453 5581 1864 16264 11811 7623 6973 6286 1179 
885 2912 6427 6133 13358 10946 6286 11811 17087 6205 
5111 1072 12292 9616 13401 3859 11148 13727 11039 13049 
12033 5731 14927 6204 6427 14239 12292 570 14690 12869 
13592 6028 14690 15424 5925 5861 10729 11063 5731 7056 
11063 10582 15886 4431 7192 8386 2451 9339 12469 15123 
3824 14711 12154 12784 13461 12917 2371 2781 13650 14549 
6286 15581 12671 10946 14537 10357 16953 12910 4639 9339 
11313 13391 5570 10582 4576 11520 15061 5316 14366 17153 
6407 15295 2659 6204 17156 14690 6973 17338 12869 11811 
3370 10946 2451 14239 11520 13080 1469 7192 4471 15115 
10946 3370 2341 6970 6427 5861 12231 16383 15420 11780 
8805 13080 5731 6970 14549 2873 5495 11063 17156 3916 
2861 17087 12880 17307 17323 3961 11076 13358 4122 14620 
14868 6098 12604 14357 13301 11164 7192 6195 10819 11063 
3937 1904 1219 885 15204 10946 11088 14239 14573 5806 
14366 5581 16953 2781 10041 16264 12316 11282 10946 1961 
10450 1864 11021 4344 3281 15424 570 11063 2121 12083 
3426 13727 14312 8326 3623 6970 5495 14366 16881 15843 
2121 5861 4655 11063 16271 17153 14357 5613 6098 5317 
3937 5861 14453 456 5180 15562 4950 356 6041 14239 
2171 14711 17626 16586 12784 12917 5102 12869 11780 11442 
15581 1961 11148 16241 16878 14537 4122 13049 4744 17087 
6036 8686 5091 17681 9928 8225 12936 13727 16376 16878 
6205 5400 5308 8437 11270 15306 2937 3077 2941 7157 
12292 16953 10041 16383 13592 17626 11442 5514 3289 8326 
17323 16953 2781 4305 14620 1904 15123 5495 11088 17156 
14239 11811 12581 2451 3281 14620 11063 6028 11520 11088 
3863 5238 17404 1072 405 5326 9938 5153 333 17168 
5581 16264 14357 17156 12231 14549 11282 11063 570 1864 
14549 11811 4639 6691 11282 16376 12910 16667 5084 12469 
1109 17354 4431 3937 11606 13080 5316 3961 12337 11442 
14711 5495 11063 13080 13613 14453 3824 8635 3637 5529 
5731 11811 29 17626 5344 11442 2371 11313 4589 1641 
14239 2781 14312 7056 2451 13727 7229 14960 11520 14311 
14102 3604 3863 2094 10224 6859 5514 1702 2889 16127 
5317 6036 17087 11088 3961 10927 3150 14690 14549 6973 
871 7415 8831 797 16603 7903 6444 3289 5514 10819 
11811 6286 12910 15069 11163 13128 269 16710 12183 12529 
14239 12033 12292 3755 14711 16792 1904 14366 11442 14453 
190 885 6973 17354 10946 8781 10549 12784 12731 14239 
7233 11282 6286 9339 12671 2151 14366 29 8326 3755 
12292 11063 8781 12231 11282 17153 15921 8326 14381 3755 
10358 6796 16953 14927 14537 13254 15061 14312 3623 3604 
8446 7233 12671 12910 17084 12890 12292 6971 5316 4995 
4576 12073 11282 9339 7616 14102 15061 13461 1179 9727 
1306 4950 2873 757 15562 16081 5180 5806 1427 5344 
11606 3937 11282 1469 3281 12965 14620 6028 16451 15921 
11021 11606 6973 885 1219 356 4971 17173 4344 2341 
11606 13254 2341 17173 6449 7785 3874 17188 17448 2577 
16451 16878 5861 4639 6970 8903 2121 4576 9591 15921 
14239 5581 7056 9627 7229 14960 16264 12869 2781 13592 
4576 14102 885 16376 11606 16451 1143 12731 2659 4122 
11063 16376 4344 3426 3859 11039 570 14620 11181 17354 
14311 15106 13650 5316 16376 16383 9339 4265 7623 16127 
14537 9470 8643 2873 17307 757 6349 482 17481 15763 
12292 6614 15069 6970 17626 6286 11163 16710 11442 8903 
12073 984 2451 1144 14311 15106 5938 7229 7056 15581 
8446 4655 17084 2861 1797 4639 8326 15921 14549 16878 
5495 2912 13080 11606 10357 312 3281 3332 7429 10079 
12469 14148 13650 3426 15123 12316 14312 14366 12917 3609 
15470 14453 4305 190 11520 12784 456 2451 8763 5180 
15886 3937 16376 1219 10549 14620 11313 2371 16081 5495 
14312 9339 7233 12316 5316 16241 15123 6691 14366 1494 
11021 2341 17168 10946 757 10582 2579 6365 16081 8845 
12298 4995 14148 12671 17323 16376 14312 13080 2151 4305 
7744 16667 12581 570 2341 5084 15581 4344 3937 16376 
12917 1179 16376 3426 6036 4576 12869 16383 12073 1143 
5084 885 15581 4576 11181 8686 14620 12083 10549 1961 
11442 11520 14239 17156 17626 1109 11181 2451 7192 14357 
11076 10946 1219 14643 757 11606 5495 10357 12154 11313 
1427 4355 3824 16881 17323 11088 4042 12316 12965 13049 
16376 4122 4305 570 13461 12910 2151 1144 6691 15581 
4355 4042 5400 1961 14409 2341 2371 5495 3937 14620 
9253 11780 1904 14690 2781 2861 10946 14549 17156 11039 
10549 6286 14620 312 12910 14998 8326 14409 6029 17354 
14102 885 10357 16241 6286 7233 12910 12316 3916 4995 
16271 10041 16968 14239 12292 12869 11811 12160 1864 4639 
8686 14239 9627 16953 5581 7056 14960 7229 16264 10041 
29 7623 8326 312 16383 13727 11282 5084 13461 15843 
7233 16376 12316 15123 15204 6286 14312 6691 2151 2341 
7233 15204 11039 13727 17168 3623 11282 12731 12160 2341 
6973 14239 11520 12316 7616 16383 7056 14960 3924 7229 
17156 5316 12869 13049 16376 9339 14312 17323 2781 15295 
14453 8781 11063 2781 570 3916 16639 456 3426 7192 
12671 3105 6286 6971 15843 482 16241 6205 7616 6843 
4305 15581 14537 6427 6205 15123 7192 11282 15754 17559 
7616 11148 7623 6286 1961 13049 3937 7233 2151 9339 
8446 11520 5084 14102 2451 1904 10549 17084 14239 14690 
10450 16953 6427 10041 8326 14381 12292 5514 6098 11164 
13461 5581 7233 16264 6286 14312 17168 16383 13080 15581 
4576 7744 14724 4042 7233 12671 14573 3426 10729 4639 
1797 6971 2781 16376 8595 11148 12434 5938 9050 984 
6691 14711 1797 8386 6843 7510 16383 6930 6971 15886 
6973 17087 3604 9339 7623 16241 6195 5581 12581 16264 
17168 14620 11088 12337 7056 7229 17626 11442 14960 15061 
14239 14312 7056 9339 14537 6971 7229 6286 12910 14960 
17763 298 15061 15420 1753 7616 14927 15069 1143 14952 
5581 13101 16241 11780 16376 9627 16953 2912 12316 14537 
5344 16764 13886 14711 10946 6474 11088 2912 7616 14724 
6286 4305 7616 2151 3105 13461 12910 14148 1427 12298 
9470 11520 1904 1864 3937 10582 14620 10946 2451 5495 
3604 14239 6029 12869 11442 7232 7233 14312 10946 13461 
14312 1904 17156 7616 16383 4576 9616 9959 5731 6098 
7623 6041 14453 456 6204 5731 14301 16146 5759 8115 
11063 14724 13194 10450 15424 14148 7031 11164 5514 14481 
15204 5316 7623 12671 16241 6385 8805 2455 17423 9329 
1219 12671 11676 6133 3937 16241 5495 10377 885 16764 
14366 5938 2151 1306 9755 5316 12671 12316 6286 1797 
17087 3961 3937 12231 1469 6028 570 10582 1961 3370 
16953 6286 16383 13650 9339 4305 16376 6971 7233 4639 
15754 5570 11442 11088 15061 17626 6385 12337 15843 11039 
5225 6427 16968 5613 7903 12880 5925 5560 14620 10582 
8446 1797 16667 16881 11063 17084 14366 14690 15123 1904 
15106 16376 13727 1469 16271 8903 2861 14453 5925 10450 
11780 6858 16881 11181 5180 12869 11039 17354 16953 1109 
2781 15115 8953 1072 2127 2873 8530 11489 3965 2371 
11572 12292 10946 14977 8805 6116 12869 14239 7744 11181 
14312 885 3961 6691 11676 12910 4655 6133 5344 17148 
15123 2151 3426 5495 1904 12083 16383 12917 4655 8781 
12292 3289 570 12581 12731 12917 14239 1797 15921 15115 
570 7623 5861 2121 871 10275 10728 995 3445 8805 
9339 14102 6971 16878 12671 15843 9616 15581 6286 5316 
2912 12910 3105 7623 4122 13049 14312 16241 15581 3916 
11063 6973 12083 4344 10450 6098 14453 10773 16968 456 
9755 16138 8763 3859 17307 15392 11336 6832 10169 10157 
2451 6973 3281 2912 885 15424 2121 7766 11520 12292 
6028 7192 13613 14690 11063 6970 8386 2451 5923 174 
29 8446 17084 6858 12890 4971 2111 14711 9644 8635 
16241 4305 7233 12316 12910 6843 12298 3105 13461 6971 
3916 5495 10777 1469 7785 3370 17188 8965 11172 15714 
29 14312 13727 2861 17156 16376 2781 12869 3937 7233 
7229 570 7056 6205 7429 4305 14960 1469 6028 10079 
4431 12581 11442 12337 17626 8742 11811 5495 4950 16451 
12910 4122 16376 7623 14549 4305 10167 12298 9110 4971 
13080 2873 17354 6133 9470 3332 7510 757 12475 5806 
4431 11811 570 12869 14102 4265 10946 16878 14998 15069 
15757 2799 10374 15057 4632 1201 14366 11397 13762 3537 
2912 6970 2861 17307 16138 12073 14573 1143 1541 1427 
12469 6971 16878 13650 7415 15123 16667 9339 8903 570 
1427 7744 14148 15106 7233 9339 11148 12917 4305 13727 
757 2579 16081 2456 16405 13886 6365 13487 10274 13470 
2451 7192 12880 17681 5091 2861 9928 8643 12810 5581 
14537 5084 15581 1904 17323 1109 15843 2873 5806 1961 
12298 5731 12292 13650 2861 12910 9110 1219 8392 16383 
1143 17153 8326 11021 10946 12965 12869 16451 17087 6796 
1219 12671 17323 5344 11606 7233 15581 6971 10946 5316 
2873 984 6973 4305 14690 12917 5316 15123 15204 3924 
16953 12917 15581 3937 3961 1904 4305 11148 11088 13401 
6691 16953 13650 9959 16241 7233 6971 15123 17168 14312 
16764 13049 11336 16878 312 2341 570 1541 7233 11282 
3281 5861 12231 8326 1864 11021 14549 11063 1179 6205 
4639 16953 8903 11282 5084 4305 12292 5861 13358 10041 
17168 11088 8392 4950 13080 1219 9470 15581 1904 11606 
14537 6286 4576 7616 11282 15204 15123 16878 6971 13080 
13080 14544 17478 14643 2464 7232 13886 5938 12784 3924 
6796 14927 8763 10041 9591 8643 13762 16437 7192 15581 
10549 11021 1109 4344 12160 13080 11811 12910 14239 29 
10946 1072 356 2873 16138 16706 4355 16881 13613 15886 
16271 5731 4344 11021 12083 3916 5471 11606 5613 14357 
14239 17156 16953 190 12469 3937 3105 15123 5316 14643 
2912 1904 11063 2861 13101 8326 3863 15106 3281 12292 
16383 16953 16667 4042 15155 11887 8839 7154 9188 13621 
2742 5084 14102 16878 17323 29 12581 13401 6036 11148 
12298 14690 11282 16241 14549 13727 14312 13080 9959 16667 
7903 12292 3289 885 16376 7415 16739 14589 962 6444 
14690 11282 15204 4305 15123 3937 15754 6970 15886 9959 
17307 6205 11148 13049 15581 4122 12298 9339 12671 14537 
14357 11780 13080 5471 14312 2781 2121 5925 17156 6970 
5514 14868 797 11164 14381 240 7585 6738 10041 14279 
4355 13401 14312 12917 16376 4655 14148 16878 11088 4122 
15843 5316 15204 16241 17168 13080 15123 14312 12671 3623 
570 6973 17153 5613 16271 6133 6028 4655 13650 1904 
9339 17168 12671 12910 13254 12298 10377 9110 6828 2611 
3623 15115 16081 4971 8953 1494 5806 12731 1072 6858 
11282 12869 15123 10041 16376 14312 13727 16383 7233 3105 
17323 15581 6286 5316 14312 12316 4122 12671 7233 2151 
8392 12731 8686 14690 15886 1219 2781 17168 14927 10167 
14102 4344 6474 9470 15581 12083 10729 8392 757 1469 
11520 14620 2451 3961 12231 14549 1904 16376 12869 11088 
8446 14927 17084 11520 17087 3937 3623 17354 11282 3961 
16953 4305 1904 1179 16878 15106 13358 1109 6205 15754 
13592 6098 481 7766 787 11021 15424 12231 11282 570 
12316 570 11336 16451 13411 12472 10151 7936 11197 7744 
13461 11811 7233 15204 6286 16376 2151 14537 3105 11676 
1143 11489 10041 4344 13650 570 12316 1469 16953 3150 
15921 8158 8326 16342 6427 10773 6028 1465 29 11606 
16706 14409 11858 7634 2451 15424 11063 15843 5495 3150 
4576 6286 14537 7616 6385 15061 9616 1143 11270 5308 
4995 8643 13727 6691 9470 13613 3426 1179 6036 14690 
13613 16383 7903 10041 14927 1961 11606 12231 7744 17323 
12231 11021 4344 6930 6195 719 8914 14108 13390 2199 
11282 12073 4122 312 6286 6691 13461 4639 4655 14537 
15843 6036 4431 17354 1219 8392 15470 1143 1072 11039 
14049 8386 3078 312 5180 14239 7744 10946 13672 17354 
12231 885 3150 10946 9959 12917 1797 14589 6286 5861 
13613 4576 3961 14537 15123 3937 14549 12160 11282 1864 
2121 5731 174 16383 14102 7233 312 12298 9110 6738 
5613 14381 5514 13613 15424 10450 12791 2464 5225 14532 
8595 11063 13080 16376 5925 174 14481 6973 9755 15123 
6098 12869 8326 2121 8595 12033 17338 10450 2742 4726 
2451 3916 15069 11063 11163 16710 269 11520 10946 12183 
1904 11606 3623 6028 5084 5180 7429 3604 10079 8386 
2781 17156 17087 11039 13727 12316 14537 11282 6205 14549 
14620 16376 3961 4122 4305 11606 14537 3078 11088 14549 
15843 11606 11282 6385 5316 11148 1144 14312 9339 2151 
11811 12581 6028 3863 6286 1961 12910 5316 16081 1494 
8903 6796 11270 5308 4355 6719 10041 14239 15106 17323 
6133 3961 10946 885 3937 14998 11606 14779 11021 5495 
2451 12298 16881 11520 15470 3824 9110 6828 10377 6496 
6028 13613 5861 12083 2121 5925 1864 5613 570 3281 
6474 7229 7056 14960 2451 11520 5514 11164 8831 6449 
15069 11163 7429 15106 269 16710 12183 13128 11063 7616 
2861 2781 12869 5925 570 14549 7192 14453 456 6738 
8595 5581 5938 5292 11780 9959 8903 6971 16127 7056 
5613 7429 6028 15921 14357 15424 5225 2912 3281 2121 
17148 5225 6449 8392 3319 3904 15061 5495 885 11076 
5316 6286 1109 15754 15581 9204 16081 7232 11836 16338 
11151 10041 6036 6273 10450 11088 12083 14453 12160 12581 
4401 14184 17003 16498 11313 16792 11336 12292 15464 12073 
5581 2451 11520 7056 16953 13650 7229 7616 16264 14690 
16953 13613 17156 7056 11063 14549 7229 11520 14239 5861 
12316 9959 14312 6385 14589 1798 6273 6691 6195 16383 
1904 7192 2912 5925 14239 4305 12869 9470 12337 6328 
6843 12316 2371 12910 3637 15204 6971 5495 1219 10582 
1219 12671 4950 6828 12298 1109 12581 7233 10729 5316 
8781 12231 14549 11282 570 6028 4655 16383 4639 17153 
8781 15204 2861 1219 11811 1904 7766 6427 8763 16451 
8763 5317 16706 17087 6832 15843 1201 12604 6970 9253 
7233 14312 13461 12316 6843 9755 14148 14711 11314 9959 
7744 2861 16667 14312 6286 4655 16878 4305 312 13461 
12869 1109 17156 11606 1179 12160 6971 3623 15106 4639 
16376 5053 12046 7396 1306 6691 14366 9110 11151 15701 
12791 10450 5225 14239 15424 14532 11063 11520 7056 7229 
17307 312 5925 4639 8903 17354 3623 15754 9755 11063 
5861 1904 6205 9591 2861 6028 29 6970 4471 7192 
1864 6133 7429 10079 12581 3623 1219 7741 1475 17478 
14409 1306 3859 10167 11039 482 10729 1904 6205 6970 
4995 17323 16241 14549 15204 6286 6385 4576 14366 4122 
14573 3426 6385 14711 4744 11088 12671 2781 17354 4655 
11282 16376 4639 8326 1541 12965 14102 7415 15123 6427 
13613 6133 312 8903 13592 16376 14549 15843 11076 4471 
14366 3105 6286 7233 7616 5316 13650 4655 2151 12469 
14312 12910 7233 13461 16383 17168 13080 14366 14711 6828 
8326 3604 14049 12033 14184 16792 14779 5787 7415 6328 
12316 16241 6691 12910 14312 12469 14366 13650 4995 9143 
16968 6796 5925 2121 8781 11063 1864 13254 12083 6970 
6973 13727 6028 6427 7415 15757 12880 5861 2861 17763 
11063 10450 10773 4576 5731 174 3604 13592 16878 14312 
2151 13049 15392 14659 9755 14537 3859 11148 1961 1144 
6970 11676 6843 5938 1219 8392 13650 12784 14148 984 
12073 3604 2861 11780 7233 12316 1904 11039 3937 13461 
13080 3150 11063 12869 12292 10450 29 14357 3289 12033 
3924 3623 12581 14998 11811 570 11181 6427 7429 10079 
11520 2451 3937 3445 3863 3961 10946 3150 14620 14239 
15424 11063 12791 2121 5925 14532 1219 14381 16362 6449 
6970 14549 3937 11282 6205 15123 7623 4305 10946 11088 
16878 14549 16376 4305 11039 312 12671 4655 9110 12298 
11063 8595 13613 6970 10574 8868 3486 12007 12241 1855 
6427 14690 2861 14549 2912 6028 11088 3961 8903 12160 
6858 16138 7616 17087 482 15392 6349 14659 5316 14537 
5787 12073 15787 1072 5613 7280 10450 6474 5238 7510 
3937 2341 3916 5514 456 8831 13301 11151 12604 14239 
6970 12292 2781 2451 12869 570 11520 6973 16667 8903 
13650 3937 9627 6205 6286 2912 5581 14690 17168 1904 
12231 11063 11282 17354 13592 6474 29 12965 17153 174 
14102 12581 7623 15581 1904 12160 2341 3332 5806 3863 
11606 3623 1219 5861 3281 2121 12160 7233 6098 7280 
2781 14102 12869 4305 4544 8595 6614 10041 13727 11282 
1469 8643 885 12581 12965 10946 1219 5084 10582 356 
2912 12231 11606 2121 8781 885 12292 8158 6738 5514 
17626 15204 16878 11442 9339 15123 7623 14549 6286 14102 
14453 456 2371 190 12784 16301 12833 17148 6036 9235 
4305 1109 1469 6427 3370 14381 16451 14357 7766 2912 
10041 8446 12154 11520 10946 11021 7744 2341 14381 9470 
13650 16127 16383 16376 6971 9339 11676 12910 16953 5292 
16667 16127 7233 16241 8595 12671 5292 16953 11780 14239 
13358 17354 7616 13401 10549 14453 5570 456 5471 9616 
14312 17156 11282 13727 13613 8903 11313 15106 10729 15470 
4995 17168 5495 3937 3426 15061 8392 17323 12316 1306 
11442 17626 12869 12337 4576 1143 12154 3370 13358 17168 
14312 16241 9959 9339 12469 6971 16878 11676 14148 16667 
3961 11088 6036 12910 16376 2371 9339 7233 6286 11811 
190 5938 10167 9470 14711 14690 15886 3937 4431 1904 
12298 16376 4305 3105 13461 11676 10729 12671 12910 6691 
1219 1961 10549 15204 16241 17168 13254 12910 2371 17188 
10549 12965 12581 12231 3105 10946 3370 13254 14998 2341 
8643 17323 5084 2742 7429 10079 6036 29 3623 2341 
15581 6036 17307 2873 16081 11264 2579 15763 13581 2371 
7280 5861 8781 1864 2781 12083 11063 17156 5925 11151 
2451 3370 11520 570 5861 13613 8781 14239 5613 15424 
5316 16878 4431 14620 6843 16764 4995 1219 17323 1306 
5923 14690 8595 3859 6036 14549 1961 15106 1904 3150 
5084 3623 14102 7766 2861 8643 29 4265 17323 16376 
16241 787 328 330 5362 12205 12070 871 174 10087 
14239 1904 6973 7056 11520 7229 13358 885 14620 14960 
12917 2151 13727 4305 570 16376 14312 11282 885 6970 
12869 13727 16376 11063 3623 4265 4431 10946 17168 5731 
8781 7192 757 5613 17681 5091 9928 8225 12936 2056 
6133 12671 14690 11063 16383 12316 2371 9470 17354 312 
5923 15754 14357 797 16271 10041 8805 13301 12604 14239 
3370 12337 12965 2912 11606 3961 14690 12917 13592 4305 
17153 16451 12869 2121 12581 1904 10582 10549 12160 14549 
5316 11148 1904 7233 13401 9616 13049 8643 16241 12316 
13254 14690 7192 1219 11780 12671 7616 6970 14311 2121 
5613 2121 570 5861 15424 13727 14381 3281 12231 8326 
14537 11811 6843 15581 11282 9339 5316 9755 15123 12910 
15921 6098 10773 1797 9425 1201 9050 8326 312 11606 
10946 12298 9110 10377 14366 3105 1427 13650 12342 15295 
1864 12083 12231 456 14453 16739 7903 11172 15787 6449 
11088 5316 1961 3604 6509 8742 14049 14184 27 17320 
13051 1718 16451 14273 8446 12083 10549 984 14620 5084 
6385 9755 6286 4744 13254 1144 15581 15069 11163 7616 
6028 6973 14381 6427 15424 14239 8781 13727 16271 14549 
14102 17354 885 15204 10549 13049 11606 16081 15115 10905 
17559 10819 8595 12154 2451 12292 5581 13613 8386 17156 
11063 1904 8781 17168 15069 11163 269 13128 12183 16710 
3150 14102 7634 4344 5731 16878 11606 6204 6858 10773 
11336 17087 6286 11039 11270 5308 14537 14312 8437 1904 
12298 4995 12910 6286 11148 15204 12469 16241 9339 5316 
15204 12469 12316 2151 6286 11148 6843 14711 8635 4995 
2121 12083 14381 15061 3150 6385 8831 12791 14532 16362 
4576 11088 17323 17307 14620 11811 15581 15123 3937 7616 
570 2861 15424 14357 8781 6028 8595 12231 13613 2371 
8326 15645 12033 1718 2341 5560 14273 5694 14889 5990 
14148 7154 17214 8180 15155 6719 6133 9188 8333 6204 
7616 14102 9755 4655 3859 2341 4122 16878 4576 16764 
12671 4344 17156 16376 11039 14549 12869 4639 1109 8903 
16376 3623 11606 8386 4971 356 14998 1469 13461 29 
15645 4950 5317 6204 10606 1143 2371 12493 3604 7744 
12292 1469 11151 4471 8903 8595 6028 312 3916 12869 
17156 13358 4355 6029 13049 14537 6028 1589 2742 6759 
13080 1306 15123 3937 16241 11181 6133 12154 1427 2199 
14537 6036 3924 14453 4431 10549 8643 456 9470 1427 
13080 12869 7233 11676 14549 11063 6973 16953 12316 16241 
12337 14927 6614 1753 12154 8903 2451 6796 5581 16376 
1904 16376 14102 1961 3961 12910 15581 14312 2151 14537 
3281 14312 7233 885 13461 6449 7280 5471 15393 10606 
570 11063 5925 7903 10450 15424 10773 12231 10167 14659 
12073 14239 16953 14690 11282 16376 7056 11520 7229 14960 
16376 12231 4576 12073 10358 6286 11063 7616 8781 16878 
12731 10946 12604 5495 11088 2781 1109 10041 16706 15581 
2151 15123 5316 17323 3150 10946 6385 3426 14366 12880 
16383 14690 16376 6195 9959 1797 9050 14312 1179 3859 
3370 12231 14102 1864 11606 14537 5084 11282 570 6028 
3623 15581 14102 1961 2912 17168 14573 1541 12154 5344 
15843 14927 16667 4576 885 6286 12869 11282 8903 1904 
6286 12231 13101 2659 4971 15757 5317 17307 10224 11088 
14148 1904 2121 14312 174 5316 16241 3859 5925 16881 
1904 4744 3859 6843 6970 5317 8763 16081 17307 11270 
13650 1797 2781 12316 17168 2861 10358 14549 4655 9959 
13080 11313 14312 3937 11606 13727 10582 885 3623 29 
12073 9253 8805 6444 11164 6116 2455 14184 17423 9329 
5400 6973 11076 4355 15424 14357 16706 10450 10729 10946 
15123 11282 16383 16667 4576 14311 16081 16127 5292 4697 
5923 12837 2177 15787 3370 16791 5570 356 9767 15150 
3824 482 10606 12493 6349 6719 10624 10784 707 14046 
2861 11039 14102 1219 17156 4305 9470 6029 17168 17323 
15581 14102 7616 1961 15061 17307 10358 10374 13581 1702 
3863 757 5990 5238 17404 5153 405 5326 13672 6735 
12316 3961 10729 12231 13727 13650 11088 5084 16953 11039 
2371 2341 3281 12581 6036 6133 5495 4471 11313 6738 
4995 5731 3937 6973 12160 13727 2781 3863 6204 5990 
15106 8643 6036 14409 15123 1904 16376 13727 15204 15843 
4639 14549 11282 14409 17153 885 12869 16953 1143 11151 
11780 14549 17626 11282 4305 16376 11442 14620 5316 17156 
6738 5091 17681 5581 9928 8225 14868 12936 240 12231 
5316 7623 13650 9959 5938 482 14589 984 6349 1798 
13080 10549 7415 3604 6614 17473 13072 7363 14544 14055 
14409 2781 3937 13358 1961 17354 7192 12581 14453 5581 
17478 8595 11662 8763 5111 11270 5308 15754 14573 14927 
8326 6385 8903 10167 885 6427 16871 14549 2451 7616 
9339 15123 14102 16241 4431 7616 12316 3426 6614 17763 
12292 2451 17153 16878 16376 2912 2742 4122 15843 13461 
12292 11021 3289 6427 13358 3281 17354 16639 9527 6204 
16081 10819 6738 14711 5053 6029 15470 8392 3937 9627 
9959 1797 11313 9627 14711 13461 7233 5495 8392 14366 
10041 5938 15123 3937 12917 984 1797 12434 3609 14927 
15123 6286 14312 15581 6691 16764 797 13301 12316 17153 
15921 8158 6098 8326 570 3961 12083 11063 11811 3281 
9727 13592 2781 14312 1143 12292 12083 4305 6427 3150 
2781 8326 14549 6973 12581 3281 13727 17156 11606 174 
11336 8326 1219 11282 11063 16878 13080 5925 2861 5731 
14453 17354 5581 6971 6286 3623 16376 16264 570 9627 
16953 1469 3370 2451 3937 14620 1904 5316 12869 7229 
14690 15123 12316 4122 6971 11063 12917 2861 16271 9591 
4265 10946 2912 5581 3961 2781 14549 16264 11088 13613 
15393 570 11063 4305 16376 3916 1109 885 6028 3961 
14549 12231 8326 7429 12869 10079 2451 12292 11520 7741 
14366 14301 16146 5759 11606 16953 8115 5731 3609 12434 
14549 2861 13613 1864 5861 15424 6028 5731 6427 17338 
5731 12292 11282 9050 17156 9827 12604 2861 14381 3289 
3623 3961 570 9470 4344 3105 5084 5861 13650 3859 
14381 12581 5861 12231 2121 15921 11313 8158 16451 4355 
16241 15581 5316 6286 9339 14537 15204 12316 11148 6691 
16878 14537 6286 15581 12231 15123 4122 13049 15392 11836 
8446 6133 14239 2861 456 1904 16383 14690 3961 11021 
14549 14453 5084 6133 6028 12581 6205 11606 29 8903 
14927 6098 8326 4639 14549 11063 8903 2861 13254 8595 
15204 14312 6286 1904 2912 3105 10582 10167 13461 2451 
3924 14453 11520 14724 6133 5400 4305 14239 9627 17087 
5861 12316 6843 16953 15424 12154 11336 12298 12784 9959 
12083 5861 8326 6427 5613 6098 10450 1904 10041 16342 
12469 16127 14549 12869 3937 6036 3961 14620 16878 2371 
3961 2912 14998 12731 11076 1961 12154 8686 15470 9885 
6843 3859 13080 15886 14643 6041 5923 5344 16081 8392 
6028 16968 5925 2451 14690 16953 14481 3916 10946 6970 
2371 6858 6036 9755 1904 4471 17087 4355 11780 7280 
16953 13727 1179 6385 8903 11282 12316 3105 7616 16376 
311 2341 3916 13613 14453 3319 11811 4305 3961 3281 
3623 13049 11039 13401 3370 3604 14049 14927 442 14184 
12316 7623 8446 17084 15581 12469 12890 4042 7415 3824 
10946 1904 7233 3623 1144 12154 2451 11520 15123 15204 
7616 13049 13101 5316 14659 10358 15581 14537 6286 14102 
14312 15581 6286 5316 13650 6691 16953 12298 9110 10377 
16271 2861 7634 5581 1219 5731 14453 1961 11811 11088 
174 14357 13613 6973 11063 5923 6098 6036 9959 6273 
16383 16127 16241 6973 13650 5292 6036 6273 12292 15921 
12581 6973 16451 6970 481 2577 6449 17507 2442 4971 
12316 17168 11811 6971 12965 3961 29 885 12731 9339 
8903 14690 6970 7744 14927 5317 9959 8763 9727 6273 
6286 14537 1144 16667 12316 6971 9339 13461 16953 14312 
12231 17156 16953 12869 11606 8903 11151 14927 12292 16127 
14453 1109 12581 12160 456 14239 2341 3623 1864 10549 
5925 8781 6970 15424 12292 16301 12833 8643 8595 1864 
10041 3078 12342 14453 2781 7056 7229 312 14960 6286 
10946 11606 885 15843 11021 4305 8903 13254 1797 16706 
14711 13401 10819 4639 6029 14549 5495 9627 1144 6971 
12292 5581 16271 2451 8781 17153 11606 14239 6028 12869 
5317 15843 2451 14312 12869 2781 10041 17156 7056 11336 
4995 12316 5495 3937 14102 2781 16667 8839 17214 1797 
7429 9616 10079 312 1469 4122 4265 3150 4639 16878 
7616 16376 8781 6286 13049 4122 16138 14659 1541 15392 
11076 17323 1219 13650 5495 10946 17354 12910 1904 6474 
14549 6970 6427 5925 16953 5861 12869 8326 10041 6738 
15581 15123 16376 14537 6286 5316 14312 2151 14366 15204 
4655 14357 12073 6036 4431 6286 9339 16878 3623 3937 
14537 15581 1904 14620 6286 12910 4305 29 4471 12298 
4655 16376 7233 4639 312 14927 15155 7154 13621 6407 
1904 13727 15123 14312 11063 5495 10946 14690 8326 16953 
11336 7744 12880 15106 8903 8446 16127 10041 2912 4431 
8392 17323 11811 9470 1219 12965 1961 5495 1864 12160 
14312 3637 15843 14366 16241 2185 4431 4744 15470 4655 
12337 11088 29 3937 6796 7634 11520 5861 2341 12160 
11282 3961 14620 10357 15106 8781 5225 6029 3078 1718 
3105 4655 4576 6286 16667 5316 2151 6205 14148 6028 
5570 11336 3683 11780 6133 7616 4950 4431 1904 10819 
12316 7233 570 16376 11336 16383 16764 11313 10169 14659 
6971 15123 12671 5316 16241 14148 15581 11676 16376 12316 
7616 9616 15581 6286 16138 16081 5806 13762 5344 1560 
11282 6738 1541 17156 6286 16222 8831 240 12292 9727 
12581 12083 5400 11076 8158 15921 9597 17440 8817 16342 
6098 3150 4344 11063 4305 5925 17156 2912 174 6028 
8781 12231 2121 5925 11606 6028 14381 3370 6427 6098 
2912 6474 8392 6273 16127 5292 6858 9188 15757 17168 
13358 3937 885 12581 11811 13727 14620 8903 6205 4355 
6970 15754 14927 8781 12083 6407 12342 15921 14589 9050 
12869 8326 4639 1179 1904 2861 5861 14102 12965 8903 
13254 174 5990 16968 2873 10428 788 4401 10357 2177 
1469 13592 4632 8643 15757 6449 11606 11021 12880 6349 
1904 11021 14301 16881 16146 5759 1469 14239 11520 8115 
17168 2912 6474 3445 472 10969 10661 13099 871 15645 
11606 570 6028 13592 6973 11282 2912 12231 14549 8326 
11336 3859 3105 8763 9470 16878 14549 9616 2151 10169 
885 17354 12581 17323 6474 10357 7232 11836 8392 17338 
