8293 7770 8441 8197 8523 8097 8401 8615 7827 8058 
8341 7771 8008 8486 8615 7827 8490 8713 8498 8416 
7836 8381 7929 8486 8196 8463 8522 8473 8416 8168 
8097 7773 7790 8441 8058 7940 8523 7857 8306 8059 
7836 8615 8537 8486 8008 7939 8713 8416 7824 8341 
8441 8523 7775 7790 8306 8341 8058 8296 7907 8490 
7776 8341 8306 7827 8097 8485 8059 8375 8296 8419 
8615 7777 8008 8293 8619 8125 8498 8341 7784 8463 
8615 8341 7929 7784 8713 8293 7940 8058 8486 7836 
8097 8441 7779 7790 8058 7784 8293 7857 8306 7940 
8306 8058 8498 8490 8293 8615 8522 8486 8151 8523 
7781 8490 8293 8619 7940 8674 8401 7798 8441 8700 
8615 7782 8293 8511 8522 8674 8441 7790 8523 7784 
8097 8523 8341 8441 7827 7783 8306 8615 8197 7784 
7784 8615 8293 7940 8441 8523 8097 7790 8341 8511 
7836 7785 8615 8293 8307 8341 7790 8008 7940 7784 
8341 7786 8615 8416 8307 8611 7836 8473 8125 7940 
8306 7787 8441 8312 7972 7825 7790 8674 7907 8172 
7788 8306 8097 8523 8441 7907 8058 7790 7868 7940 
7789 8293 8441 8058 7790 8615 8306 8523 7784 8097 
7790 8293 8441 8097 8306 8523 8058 8639 7784 8511 
8097 8018 8058 7907 8395 8306 8441 8023 7790 8034 
8490 8341 8486 8058 8008 8615 7827 8441 8293 7789 
8306 7793 7868 8097 8441 8369 7952 8489 8555 7907 
8306 8511 8059 8523 8522 8327 7790 7794 7940 8097 
8419 8441 7827 8341 8615 8490 8523 8675 8197 8745 
8293 7796 7790 8639 8441 8731 8523 8674 8615 8401 
7878 8417 8226 7912 8486 8674 8490 8362 7771 7882 
7798 8293 8615 8441 7790 8058 8523 8674 8306 7940 
7907 7799 8615 8674 7790 8202 8293 8511 8522 8284 
8097 7800 8306 8523 7790 7908 8403 7907 8679 8639 
7801 8615 8293 8713 7912 8307 8490 8008 8486 7798 
8097 8306 7790 8441 8639 8679 7789 7796 7928 8401 
8306 8097 7790 8058 8403 8523 8731 8639 8293 8018 
8306 8058 7790 7804 8555 8523 8441 8059 7868 8679 
8523 8441 8293 7790 7805 8058 8097 7940 7784 8306 
7806 8087 8125 7935 8446 7995 8670 8498 8518 8008 
7807 7881 8463 7939 8125 7940 8112 8611 8619 7836 
8341 7808 7827 8473 8486 8008 8670 8615 8490 7939 
8615 8008 8341 8486 8441 8519 8713 7836 7798 7827 
8306 7810 7790 8523 8097 8511 7940 7784 8615 8441 
8523 8097 8441 8306 7940 8615 8058 8341 8293 7784 
8486 8341 8615 8490 7827 8713 8293 7929 8441 7812 
8523 8306 7940 8097 8059 7813 8296 7784 8511 8421 
8306 8097 7790 7814 8441 8058 7857 8481 7868 8018 
7815 8023 8172 7994 8313 8209 8740 7973 8307 8296 
7816 8674 7790 7907 8035 8679 7988 8306 8639 7996 
8615 8341 7817 8619 8684 8416 8293 8498 8522 8604 
8293 7798 7818 8058 8306 8523 8674 8615 7790 8441 
8341 7827 8615 8486 8008 8125 8416 7819 7808 8473 
8341 8074 8293 7907 8486 8125 8008 8747 7790 8489 
7821 8484 8087 8097 7833 8719 7784 8639 8340 8306 
7940 8511 8341 8523 8615 8293 8013 8008 8343 8307 
8523 8197 8306 8111 8208 8419 8361 8375 7972 8481 
7824 8615 8341 8486 7827 8008 7939 8713 8490 8125 
8306 7825 8441 7790 8097 8523 8674 8639 8312 8679 
7826 7940 8695 7963 8645 8611 8498 8441 8316 8059 
7827 8341 8615 8523 8008 8441 8486 8490 8293 7784 
8306 7828 8523 8441 8059 8275 7940 8611 8369 7790 
8615 8486 7836 8341 8441 7897 8498 8463 8125 8522 
7830 8293 8008 8295 8182 8313 7789 8490 8007 7790 
8674 7831 8441 8306 8074 8312 8403 7952 8097 8058 
7907 8058 8293 8097 8615 8035 8744 8018 7790 8227 
7833 8306 8523 8097 7790 7784 8059 8441 7940 7972 
8486 8341 7834 8008 8615 8416 8125 7798 8519 7939 
8615 8341 7912 8232 8713 8293 8486 8463 7798 7990 
7836 8615 8341 8293 8125 7940 8511 8619 8463 7784 
7837 8097 7940 7784 8059 8523 8313 8341 8421 8511 
7838 8018 8189 8097 8312 8403 8523 8490 8209 8306 
8306 8523 8097 8441 8639 8674 7790 8403 7839 8293 
8293 7840 8615 7790 8401 8441 8008 8058 8013 8523 
8674 7841 8403 8306 7988 8523 7790 8097 7907 8639 
8615 8008 8713 7842 8341 8486 8463 8498 7912 8293 
8441 8293 7790 7843 8058 8523 8097 8018 8306 8403 
7844 8645 7995 8265 8078 7942 7869 7935 8267 8484 
7836 8341 8293 8490 8463 8381 7990 7897 7912 8491 
8306 7846 7940 8097 8511 8523 7790 8058 8522 7784 
8306 7907 7847 8723 8097 8679 8058 8273 7996 7790 
8341 8486 7848 8416 7939 8473 8125 8615 8611 8008 
8306 8441 7849 8097 7790 8312 8523 8058 8018 8679 
8306 8523 8441 8097 8674 7972 7790 8058 8403 8375 
7851 8341 7940 8059 8511 7784 8619 8523 8296 8615 
7852 8293 8615 8008 7790 8307 7836 7798 8441 7784 
8441 7825 7790 8403 8412 8312 8568 8639 7988 8723 
8058 8522 7833 8615 8491 8674 8293 7857 7881 8729 
8008 7855 8307 7790 8485 8639 7836 8619 8615 8673 
7790 8293 7856 8313 7996 8485 7994 8489 8674 7852 
7857 8293 7790 8097 8441 8306 8523 7784 8058 8674 
8306 8523 7858 7790 8097 7907 7988 8018 8639 7996 
8511 8674 7885 8293 8013 8008 8731 8080 8615 8306 
7860 8210 8313 8097 8545 8058 7873 8406 8441 7884 
8674 7790 8306 7907 8523 8403 8097 7861 8375 7988 
8441 7784 7940 8293 8615 7790 7972 8058 8545 8604 
7863 7790 8441 7996 7857 8674 8523 7784 7868 8244 
8097 8341 7790 8615 7907 8523 7986 8316 7885 8059 
8611 8209 8729 7825 8067 8274 7784 8341 8139 8301 
7866 8306 8441 8097 8079 8481 8397 7790 7996 8674 
8615 7867 8441 8293 8490 8058 7798 8341 7912 8401 
8306 8097 7790 8441 7868 8058 8523 8293 7784 7940 
7869 8306 8097 8441 7940 8058 8523 7790 7784 8018 
8296 8360 7806 8611 8313 7988 8007 8596 8639 8312 
7871 8523 8615 8403 8306 8639 7833 8645 8208 8018 
8615 8416 8486 8341 8008 8713 8519 7798 7836 8125 
7873 7940 8097 8059 8421 7879 8296 8555 8523 8341 
8498 8341 8486 8327 8293 8615 8232 8008 8441 8446 
7875 8674 8074 7790 7988 8306 8441 8679 8340 8293 
7876 8058 8097 7940 7790 8406 8523 8018 8441 8306 
8486 8490 8341 7882 7990 7939 7897 7827 7912 8606 
7878 8293 8441 8615 7940 7784 7790 8058 8511 8523 
8097 7879 8306 8523 8441 7940 7790 8058 8059 8679 
8208 7940 7880 8615 8674 7790 8097 8375 8511 7907 
7881 8615 7940 8511 7784 8293 7790 7836 8341 8619 
8486 7882 8341 8490 8615 7827 8713 8008 8293 8617 
7883 8615 8619 7833 8511 8097 8604 8523 7784 8318 
8441 8306 8097 7790 7884 8293 8058 8523 8731 8679 
7885 8293 7790 8523 8639 8511 8097 8679 8615 8406 
7886 8341 8615 8486 7827 8008 8307 7784 7940 8416 
8615 7887 7940 8293 8341 8058 7784 8511 8441 7836 
7888 7940 8296 8511 8087 7963 8307 8525 8209 7789 
8232 8172 7907 7790 8097 8362 8673 8340 8306 8555 
7890 8341 7939 8486 8611 8362 7827 8695 8307 8713 
8615 7891 8441 8306 8523 8486 8058 8293 7790 7784 
7907 8306 8347 8182 8058 8341 8111 8713 8074 8498 
8341 8125 8615 8008 8416 8486 7939 7827 8473 8211 
8615 7894 8441 7784 8523 8306 8619 8511 8058 8341 
8306 8097 7895 7988 7790 7839 8475 8661 8296 7907 
8615 7798 8713 8008 7836 8293 8463 8013 7896 8619 
8341 7897 8615 7827 8486 7929 8498 8008 7940 8307 
7940 8498 8293 8296 8744 8673 8684 8168 7907 8522 
7899 8306 8523 7907 8097 7790 8511 8397 8679 8059 
7900 7790 8097 8441 8293 8306 7940 8058 8639 8406 
7901 8615 8341 7886 7912 8306 8486 7897 8097 8441 
8097 8018 7907 7790 8639 8312 7789 7996 8318 7972 
8441 8018 7790 7873 8511 8747 8313 8347 8227 8023 
7904 8441 8306 8369 8244 7907 8674 7966 8523 7952 
7905 8441 8674 7825 7790 8306 8312 7857 8018 8543 
7940 8097 7906 8341 8306 7784 8441 8296 8058 8523 
7907 8306 7790 8523 8511 8097 8615 8058 8674 8441 
7908 8441 8306 8674 8523 8293 7790 8097 8639 8058 
8306 8097 7790 8523 8441 8639 8058 7940 8679 7972 
7910 8341 8523 8058 8097 7940 8307 7784 8306 8486 
8341 8615 7940 7784 8008 8486 7929 7911 8511 8416 
7912 8615 8293 8441 8058 7798 8523 7940 7784 8619 
8522 8615 8626 7908 7907 8097 8306 8684 8441 8403 
7907 8293 7789 8615 8058 7790 8074 8273 8463 8485 
8275 7827 8611 8723 7907 8341 8058 7989 8486 8313 
8615 8008 8498 8125 7916 8670 8197 7784 8013 8341 
7907 7917 8293 7790 8615 8058 8523 8097 7996 8273 
8034 8058 8209 8018 8150 8227 8401 8210 8291 8023 
7919 7899 8674 8325 8340 7833 8081 8523 8695 8679 
7920 8528 8542 7908 8267 8107 8623 8391 8079 8192 
7921 8306 7790 8674 8293 8097 8441 7857 8639 8058 
8441 8313 8362 8097 8523 8341 8684 8306 7836 7879 
8523 8097 7923 8306 8511 8313 8441 7790 8293 8674 
8306 7790 8441 7924 8523 8058 8097 8312 8406 8481 
8341 7827 8486 8008 7808 8615 8490 8519 8473 8125 
8306 8441 8293 7907 8097 7790 8313 8498 8679 7912 
7927 7940 8511 8058 8059 8604 7789 8518 8168 7784 
8523 8306 7928 8293 7790 8097 8639 8058 8441 8674 
7929 8341 8615 7940 8293 7784 8441 8523 8058 8313 
7930 7907 8511 8293 8523 8615 7972 8341 8058 8441 
8293 8441 8058 8639 7972 7790 7798 7857 7940 7789 
8523 8097 8441 8059 8306 8555 8604 8058 8684 7790 
7933 8293 8713 8463 7798 7836 8498 7784 8615 8341 
7934 7790 8306 8441 7907 8397 8523 8375 8097 7972 
7935 8087 8484 8050 8446 8491 7986 8013 7806 8017 
7936 8397 8417 8604 8441 8313 8542 7790 8744 8511 
7937 8306 7952 8441 8615 7940 8523 8313 8611 8343 
7938 8306 8674 8523 8441 7790 8481 8058 8375 8679 
7939 8125 8341 8008 7836 8473 8013 8416 8615 8463 
7940 8523 8097 7784 8441 8306 8615 8058 7790 8293 
8441 7941 7790 8058 8674 8293 8306 7798 8097 7907 
7942 7907 8523 8615 8227 7833 8097 8051 8306 7836 
8341 8486 8615 8008 7943 7827 7836 8416 8619 8498 
8306 7790 8097 8441 8523 7907 8058 8059 8645 7972 
8441 8058 7945 7790 8097 8523 8293 7857 7784 7940 
8441 7790 8312 7946 8018 8674 8097 8293 8197 7908 
7947 8615 7836 8125 8206 8341 7881 8463 7929 8611 
8441 8306 7790 8058 8097 8293 7948 8639 8523 7857 
8674 7790 7949 8441 7857 8058 8293 7798 8522 8097 
7950 8441 8347 8313 7784 8293 7790 7996 8097 8406 
7790 8441 8197 8058 8684 8018 8731 8523 8097 8406 
8306 7952 8441 8523 8097 8058 8674 7790 8511 7940 
8306 8097 8051 7879 7988 8542 8267 7790 7907 8523 
7954 8306 7790 8074 8018 7907 8403 8267 8058 8293 
8058 8615 7907 8485 8018 8293 7790 8306 8097 8744 
8661 8542 8306 8674 8191 7988 8406 8611 8074 8361 
8341 8615 7957 7940 8486 7929 7836 8490 8611 7798 
8441 8674 7958 8018 8312 7790 8293 8306 8197 8403 
7959 7784 7940 8013 8125 8318 8615 8341 7827 8296 
8306 8097 7790 8441 7857 7960 8523 8058 8679 8481 
8306 7961 8441 8523 7790 8097 8058 8674 7996 8406 
7962 8306 7790 8097 8639 8523 7996 8347 7907 8679 
7963 7940 7784 8341 8293 8523 8511 8097 8059 7790 
8441 8058 8097 7790 7940 7784 8293 8306 8523 8615 
8340 8293 7790 8674 8441 7857 8511 8306 7908 8639 
8306 7966 8674 7790 8441 8097 8523 8679 7996 7857 
8341 7967 8486 8008 7827 8615 8490 8125 8713 7939 
7939 8150 8293 7784 8313 8684 8307 7940 7790 8545 
7969 8306 8523 8511 7907 8097 8522 7790 8058 8059 
8035 8313 8150 8197 8481 7988 7921 8406 8347 7928 
8306 7971 8679 8674 8441 8375 8395 8097 8522 8639 
7972 8523 8293 8306 8441 7784 7790 8097 7940 8639 
8441 8306 7973 8523 8058 8097 7790 7940 8059 7784 
8306 8097 7790 8523 7974 7907 8058 7784 8051 8441 
7975 8306 7790 7907 8244 8674 8097 8523 8312 8441 
7790 8341 7939 8498 7836 8491 8731 8307 8619 8679 
8125 8441 8307 7851 7827 8211 8293 8473 8486 7836 
7907 8615 8191 7798 8486 7912 8058 8008 7790 7824 
7907 7979 8306 8511 8615 8441 8522 8341 8523 7790 
7980 8401 8293 8341 8713 8490 7912 8008 8615 8307 
8008 8087 8619 8125 7784 8059 8639 8307 8645 7972 
8097 8306 7790 8523 8441 7879 8555 8059 8058 7837 
7983 7790 8293 7784 7940 8523 8511 8097 8058 8639 
8293 8674 7790 8313 7996 8347 8441 8484 8639 7857 
8341 8615 7985 8486 7827 8008 8416 8125 8463 7940 
7986 8511 8615 8710 8523 7790 7836 8491 8013 8325 
7987 8463 8341 8125 8008 8416 7897 8486 8615 8710 
7988 8674 8306 8293 7790 8441 8097 8523 8511 8403 
7989 8615 8341 8008 8498 8713 8486 8619 8111 8293 
8293 7990 8058 8523 8441 8498 8615 8639 8406 7790 
8306 8058 8097 8555 8209 8341 7952 8684 7790 7940 
8615 7992 7907 8296 8293 8341 8381 7789 8498 8522 
7993 8341 7940 8463 7939 8112 8611 8125 8307 7836 
7994 8441 7790 8293 8306 8058 8097 8523 8313 8406 
7995 8008 7784 8511 8401 8125 8341 8498 8293 8446 
7996 8306 8293 8523 8441 7790 8097 8058 8406 8639 
8306 8441 7997 8523 8375 8674 8679 7907 8097 8058 
7827 8341 8615 7998 8441 8486 8008 8490 8523 8293 
7999 8097 7790 8403 8306 8523 8058 7940 7897 8378 
8341 8000 8125 8615 8112 8416 8168 8710 8522 8619 
8293 8615 8523 8008 8486 8197 8674 8441 7912 8713 
7790 8002 7940 8511 8293 8058 8522 8306 8059 8097 
8523 8615 8306 8008 8197 8111 8679 8097 8441 7784 
8004 8306 8441 7790 8674 8403 8018 8058 8312 7908 
8008 8318 8615 8473 8125 7827 8619 7784 7940 7939 
8006 8341 7897 8058 7827 8097 8611 7989 8673 8306 
8007 8484 8611 8341 8417 8307 8362 8695 7963 8511 
8008 8615 8341 8125 8293 8523 8486 8670 7827 8416 
8486 7836 8713 8232 8341 8009 7897 8490 8125 8293 
8010 8615 8441 8293 8341 8545 8306 8486 8490 8713 
8674 8293 7779 8522 8074 7921 8151 8197 7798 8312 
8012 8306 7907 8441 8097 8615 8679 8341 8058 8293 
8013 8293 8615 7784 7790 8523 8008 8511 8498 8313 
8486 8341 8490 7827 8014 8113 7912 8008 7897 8713 
8306 8615 8679 8015 8674 8419 8296 8375 8097 8713 
8016 7784 7907 8306 8619 8341 8511 8523 8498 7940 
8017 8615 8511 7836 8463 8619 8341 8293 8008 8710 
8018 8441 8097 8306 8058 7790 8293 8523 8674 8615 
8097 8018 8441 8058 8293 8306 7790 8406 8151 8312 
8020 8611 8484 7963 7940 8210 8275 8522 8112 8168 
8306 7790 8674 8097 8523 7952 8021 8441 8679 8312 
8341 8498 8022 8615 8381 8619 7784 7940 8008 8485 
8023 8097 8441 8523 8306 8058 8555 8341 8675 7940 
8024 8341 8008 8523 8013 8421 8307 8498 8615 8087 
8523 8058 7940 8645 8441 8059 8406 8604 7857 7996 
8026 7798 7833 8545 8293 7790 8684 8490 8639 8395 
8615 8125 8008 8027 8713 8498 8087 8518 8463 8643 
8306 8097 7790 8058 7868 8441 8293 8313 7996 7857 
8306 7907 8523 7879 8528 7868 8097 8441 8327 8723 
8030 8341 8484 8498 7784 8695 8013 8473 8058 8416 
8097 7790 8058 8059 8523 8679 8441 7940 8306 8604 
8615 8032 8485 8523 7942 7789 8498 7907 8645 7784 
8033 7784 8125 8615 8511 8168 8486 8522 8381 8604 
8034 8293 8441 8523 8306 8406 7790 8097 8197 8675 
8306 8035 8097 8523 7790 7940 8511 8058 8679 8406 
8306 8293 8674 8097 8523 8036 7790 8151 8058 8441 
8615 8293 8713 7798 8511 7836 7784 8313 8441 8304 
8306 7907 8038 8441 7996 8523 8723 7790 8403 8058 
8306 7790 8523 8097 8039 8639 8441 7907 7789 8679 
8306 8040 8097 8523 7790 8679 7940 8406 8058 7857 
8041 8293 8611 7940 8058 8313 7784 8615 7798 7963 
8042 8058 7940 8523 8097 8293 8406 8441 7784 7790 
8306 8312 8441 8097 8018 8523 7790 8481 8679 8403 
8406 8044 8639 8097 8523 7790 8164 8679 8306 8673 
8615 7827 8125 8486 8341 7836 7939 8670 8008 8463 
8046 8375 8523 8464 8679 8097 8511 8639 8325 8306 
8047 7790 8604 8168 7940 8523 8684 8059 7784 7972 
8615 8048 8713 8498 8486 7912 7836 8341 8125 8293 
8097 7907 8306 8723 7790 8639 8112 8058 7885 8440 
8050 8097 7790 8313 8484 7935 8523 8013 8361 8643 
8306 8051 8523 8097 7907 7790 8112 8674 7784 8615 
8052 8125 8615 7784 7940 8341 8008 8619 8511 8168 
8523 8097 7940 8059 8053 7790 8296 8619 8511 8306 
8097 8306 8679 7879 8444 8441 8150 8018 8208 7972 
8293 8055 8674 7790 8441 8639 8313 8013 7857 8511 
8058 7784 7929 8164 7940 8523 8313 7827 7906 8307 
8296 7939 8341 8615 8554 8673 7806 7986 8206 8340 
8058 8441 8523 8293 8097 8306 7790 7940 8615 8406 
8059 8097 8523 7940 8306 7784 8441 8511 7790 8058 
8060 8341 8473 7939 8008 7827 8125 8307 7940 8421 
8615 8061 8713 8486 8008 8463 8519 8341 7912 8293 
8058 7940 8523 8406 8097 8441 8293 8062 8498 8341 
8306 8063 8441 8097 7907 7988 8313 7790 7825 8378 
8306 8674 8064 7790 8523 7972 8511 8679 7857 8097 
8490 8486 8341 8713 8519 8463 8381 7798 7897 8685 
8066 8341 7827 8684 8615 8498 8058 8293 7940 8008 
8067 7806 7935 8007 7837 8050 7995 8484 7939 8317 
8306 7790 8481 7868 8097 8327 8441 8058 8312 7784 
8293 8441 8674 8058 8645 8312 8151 8306 8731 7940 
8070 8340 7907 8191 8306 8441 8097 7996 7790 8293 
8018 7907 8071 8375 7790 7868 8059 8097 8306 7988 
8072 8490 8441 7836 8713 8058 8164 8615 8370 8182 
8073 8293 8615 7790 7784 7798 8058 8441 7912 8522 
8293 8074 8615 8674 8441 7790 7798 8058 8639 8523 
8197 8293 8441 7827 8523 8675 8075 8615 7770 8058 
8076 7825 8639 8361 8018 7790 8542 7907 8267 8340 
7940 8523 8097 8058 8306 8441 8077 7790 8293 7784 
8078 8293 7940 8523 8307 8615 8639 8058 8347 8059 
8079 8306 8441 7790 8097 8674 8679 8058 8523 8481 
8080 8293 7940 7790 7972 8307 7784 8511 8498 8639 
8306 8081 8674 8441 8523 8097 8058 7790 7996 8679 
8441 8523 7827 8082 8097 8341 8615 8058 8675 7940 
7940 8083 8341 8306 7784 8523 8097 8059 8296 8615 
8084 8306 8097 7790 8441 8481 8058 8523 7996 8293 
8293 8441 8615 8197 8085 7790 7827 8008 8684 8058 
8086 8639 7790 8484 7940 8347 8306 8645 8097 8406 
8087 8125 7784 8307 8421 8446 8059 7940 8619 8615 
8088 8674 8441 8403 7790 8306 7907 8450 7908 7988 
8306 8089 7868 7790 8397 8441 8059 8523 8112 7907 
7790 8306 8097 8090 8058 8406 7857 8441 7996 8313 
7907 8306 8498 8293 7790 8058 8441 8615 7798 8674 
8092 8441 8293 8615 8058 7784 7940 7790 8341 8097 
8093 7940 7784 8484 8307 8421 7972 8604 8695 8498 
7940 8094 8059 7784 8511 8523 7790 8293 8604 8615 
7790 8097 8441 8059 8058 8306 8523 8293 8522 7789 
7907 8615 8441 8306 8375 8097 8511 8232 8522 8729 
8097 8306 8523 8441 7790 8058 7940 8293 7784 8679 
8674 8293 8622 7790 8313 7857 7885 8391 8210 7988 
8306 8099 8674 7790 8097 8312 8403 7908 8018 8450 
8100 8008 8087 8293 8563 8498 8684 8522 7963 8307 
8555 7907 8306 7790 8684 7988 8097 8441 7825 8680 
8306 8523 8097 7907 8679 7790 8102 8441 8481 8639 
8103 8244 8397 8493 8081 7833 7972 8587 8306 8441 
8104 7907 8674 7798 8489 8058 8293 8441 7789 8731 
8441 8058 8097 7790 8293 8306 8406 7784 7940 8523 
8106 8498 7907 8486 8615 8293 8034 8058 8713 8381 
8107 8008 8615 8490 8341 8473 7827 8486 8416 7939 
8108 7790 8293 8674 7996 8403 8097 8306 8523 8639 
8441 8306 8109 8097 7790 8058 8312 8293 8523 8018 
7907 8306 8615 8441 8523 8375 8097 8018 8679 8522 
8111 8615 8523 8097 8293 8441 8306 7784 8058 7790 
8112 7940 8306 8313 8523 7784 8615 8097 8511 8293 
8486 8113 8341 8615 8490 7912 8008 8713 8381 7897 
8097 7940 8059 8523 8306 8114 8604 8441 8421 8313 
8403 8523 8115 8639 8674 8293 7908 8306 8097 7790 
8116 7790 8306 8097 8441 8417 8523 8058 7857 7952 
8306 8117 8674 8221 8511 8554 7907 8522 8441 7810 
8118 8306 7790 8097 8744 8441 7972 7857 7952 8511 
7907 8097 8306 8511 7790 8615 8523 7784 8341 8498 
8523 8293 8615 8120 8306 7940 7784 7972 8639 8498 
8121 8674 8441 7790 8397 8306 8679 8523 8375 8097 
8122 7798 8306 8767 7988 8511 8240 8523 8460 8293 
8306 8441 7790 8123 8097 8523 8058 7996 8481 8312 
8306 8441 8097 8018 7857 8674 8639 8293 8523 8312 
8125 8341 8008 8615 7939 7836 7784 8463 8473 8416 
8126 7790 7833 8097 8306 8511 8554 8645 8523 8340 
8523 8008 8293 8208 8406 8555 8097 8615 8058 8197 
8128 8209 8078 8391 7897 8392 8398 8172 8723 8267 
8306 8129 7907 7790 8441 8555 7996 8543 8097 8058 
8130 8441 8306 8058 8293 8097 8511 8313 8639 8417 
8615 8293 8131 8441 7798 8713 7912 7784 8341 8519 
7907 8306 8441 8523 8097 8058 7789 8296 8132 8639 
8341 8486 8615 8133 7827 8441 7940 8008 8490 8416 
7790 8097 7908 8134 8306 8639 8679 8319 8058 7907 
8135 8615 7940 8318 8498 8008 8381 7784 7881 8341 
8136 8522 8511 8238 8523 7907 8097 8058 8441 8221 
8341 8486 8615 8137 7827 8008 8125 8416 8473 8490 
8615 8008 8341 8138 8416 8125 8381 7798 8619 8293 
8139 8293 8511 7940 7784 7790 8615 8523 8604 8441 
8140 7790 8523 8306 7908 7825 8731 8639 8097 8273 
8341 8421 8523 8307 7827 8097 8615 7790 7928 8024 
7790 8142 8306 8097 8058 8441 7857 7940 7784 8522 
8143 8713 7939 8498 7827 8341 8092 8697 8463 8125 
8144 8441 8341 7940 8097 8306 8615 7784 8058 8296 
8145 8491 8013 8523 8397 7833 8327 8679 8306 7784 
8146 7798 8293 8008 8416 8484 8615 8490 8401 8360 
8147 8059 8397 7994 7790 8192 8528 7972 8554 8244 
8148 8674 8306 8293 7790 8058 7798 7996 8511 8523 
8293 8674 7790 8149 7857 8441 8511 8639 8058 8306 
8150 8523 8058 8441 8097 8293 7940 8406 7790 8306 
8293 8151 8523 8441 8306 8058 8097 8639 8615 8674 
8152 7790 8441 8312 8293 8306 8406 7857 8347 8058 
8153 7939 8125 8608 8362 8343 8296 8502 8341 8695 
8490 8441 8341 8615 8111 7784 8486 7907 8097 8401 
8523 8097 8306 8441 8058 8155 8209 7972 8347 7940 
8615 8522 8523 8293 8306 8441 7907 8511 8168 8341 
8157 7939 8463 8341 8695 8008 7912 7836 8087 8673 
8158 8341 8125 7886 8615 8519 8486 8713 7827 8490 
8523 7940 8111 7790 8150 8511 8306 8679 8485 8615 
8615 8202 8523 8674 8058 7790 8378 8035 8018 8097 
8511 8498 8306 8171 8083 8398 8327 8307 8288 7789 
8162 8491 7881 8511 8168 8293 8221 7836 7798 7940 
8163 7939 8125 8341 8307 8473 8275 8060 8484 8719 
8164 8523 8293 8615 8441 8097 7790 8058 7940 8341 
8306 7790 7972 7907 8398 8555 8175 8397 8441 7994 
7983 8035 8273 8403 8645 8622 7928 7907 8543 8360 
8306 8167 7868 8441 7790 7857 7784 7952 8058 7940 
8168 7940 7784 8511 8293 8615 7790 8523 8059 8341 
8293 8441 7790 7972 8615 8604 8522 7996 8545 7784 
8306 8523 8018 8639 8403 8679 8511 8097 8615 8327 
8306 8097 8523 7790 8441 8511 8679 8522 8058 8059 
8172 8441 8306 8097 8058 7790 8523 8674 8293 8555 
8097 8306 8523 8058 7790 8173 8679 8639 7940 8293 
8174 7790 7836 7907 8511 7881 8221 8293 8710 7939 
8175 7907 8306 7790 8523 8097 8679 8639 8441 8674 
8306 8176 8523 7790 8058 8674 8441 8097 8639 8293 
7939 8473 8502 8484 8007 8472 8719 8498 7940 8067 
8523 7790 8441 7833 8097 8397 8306 8058 8511 8347 
8511 8522 8293 8416 7784 7798 8619 8221 8615 8059 
8341 8125 8416 8615 8473 8008 7827 8180 7836 8206 
8306 8679 7907 8097 8511 8375 7790 8181 8441 8035 
8182 8293 8615 8306 8441 8522 8523 8511 7798 7940 
8523 8183 8306 8197 8441 8639 8679 8406 8403 8615 
8184 8441 8097 8306 7790 8674 8197 8523 8058 8018 
8306 8097 7988 7907 7790 8723 7908 8475 8626 7996 
8295 8511 8078 7912 8182 7798 8744 8523 7790 8265 
8293 8187 8615 7798 8401 8013 7790 8441 8511 8347 
7940 8341 8523 8615 8188 8058 8441 8293 8313 8307 
8293 8441 8189 8058 7790 8197 8097 8523 8312 8675 
8522 7912 8087 8150 8325 8017 8421 7939 8293 7940 
8191 8306 7907 8615 8523 8441 7790 8058 8293 8097 
8523 8097 8306 8192 8441 7790 8406 8293 8639 8679 
8615 8193 8523 8511 8293 8306 7790 7907 8522 8639 
8523 8097 8306 8208 8615 8194 8679 7833 7790 7784 
8051 7907 8523 8645 8528 8310 8481 7790 8619 7810 
8196 8341 8615 8008 8416 7836 8486 8463 7784 8125 
8197 8293 8441 8523 8097 8675 8615 8639 7790 8306 
8306 8198 8441 7790 8397 8097 8680 8375 7996 8058 
8199 7784 7907 8615 8306 7833 8523 7940 8491 7790 
8615 8008 8200 8341 8523 7784 7940 8619 8293 8670 
8615 8441 8201 8058 8293 8313 7940 7929 8341 7784 
8202 7790 8097 7907 8306 8674 8523 7988 8639 8615 
8203 8523 8306 8441 8511 8481 8327 8018 7907 8097 
8204 8615 7940 8523 7784 8491 7790 8097 7833 8313 
8523 8058 7790 8306 8205 8441 8097 7940 8293 7972 
8206 8615 8341 7939 7836 8125 8008 7784 8463 8486 
8207 8523 8306 7940 8511 8059 8341 8296 8522 8615 
8523 8208 8306 8097 8441 8059 8615 7940 7784 7972 
8209 8293 8523 8058 8441 8615 8313 8097 8312 7940 
8210 8484 8058 7790 8313 7868 8406 8347 7837 8545 
8211 8615 7784 8293 8441 8008 8522 8523 8619 7940 
8212 8013 8024 7897 8209 8163 8087 8639 8293 8473 
8197 8523 8306 7833 8731 8097 7784 7790 7972 8710 
8214 8058 8293 8523 7790 8441 8615 8522 7784 8511 
7827 8341 8615 8008 8523 8441 8670 8097 8013 7940 
7784 8125 8013 8498 8308 8087 8296 8615 8486 8307 
8008 8523 8293 8639 8615 8673 7790 8498 8406 7990 
8615 8441 8293 7940 8218 8341 8523 8058 7784 8498 
7939 8219 8498 8341 8125 8307 8710 8318 8308 8008 
8293 8615 8401 8307 8673 7940 8441 8463 8341 8695 
8221 7790 8293 8511 8523 7784 7940 8441 8306 8313 
8523 8306 8222 8639 8403 7790 8097 8208 7908 7784 
8223 8615 7784 8486 8523 7940 8498 8463 8306 8341 
8224 8306 7790 8441 8674 7907 8097 7988 8058 8403 
8225 7939 7883 8268 7986 8081 7824 8712 7935 8390 
8226 8097 7940 7784 8523 8306 8441 8313 8058 8498 
8306 8227 8097 7940 8523 8058 7790 7784 8441 8511 
8228 8441 8018 8197 8498 7907 8034 8446 8058 7784 
8312 8229 8441 8306 8327 7857 8058 8543 8464 8740 
8306 8097 8450 7988 8679 8542 7790 8074 8112 7940 
8441 8523 7790 8097 8306 8058 7907 8679 8731 7996 
8232 8615 8341 8713 7798 7912 8293 8490 8486 7836 
7836 7827 7929 8713 7808 8486 7967 8490 8008 8615 
8234 8615 7836 8341 8463 8381 8008 8511 7940 8486 
8235 8713 8486 7939 8490 8341 7882 8008 8617 8519 
7907 8236 7790 8441 8306 8615 8511 8097 8522 8674 
8237 7881 8341 8522 8463 7798 8615 8125 8498 8008 
8238 7790 7940 8306 8441 8523 8058 8097 7784 8511 
8239 8615 8293 8713 7939 7836 8341 8008 8125 8463 
8240 8306 8523 8674 7790 8058 8511 8615 7907 7940 
8241 8097 7790 8306 8018 8058 8441 8523 7940 8151 
8242 8341 8486 8490 7939 8713 8008 7897 8615 8125 
8243 7790 8674 8306 8441 8403 7996 7857 8542 8731 
8306 8244 8523 8097 8441 7790 8674 8327 8511 8058 
8245 8210 7940 8295 8362 8313 8035 7790 8484 8555 
8375 8284 8209 8395 8528 7996 7868 8441 7907 8139 
8486 8307 7940 8133 8679 8441 8675 8463 8555 8361 
8248 8441 8306 8221 8312 7790 7825 7907 8097 8481 
7790 8674 8441 7988 8293 7908 8074 7907 8639 8058 
8523 8097 8306 8639 7940 7790 8250 8058 8511 7907 
8293 8639 8441 8615 7836 7790 8398 7963 7928 8168 
8341 8252 8059 7940 8523 8307 8511 7784 8097 8421 
8378 8347 8491 8097 8568 7885 8403 8284 8197 7790 
8441 8306 8058 7907 8723 8097 7790 7996 8674 8312 
8255 8293 8615 8341 8498 7798 7940 7789 7784 8441 
8486 8490 7882 8058 8341 8401 8441 8369 7827 7940 
8523 8293 8008 8013 8615 8403 8257 8197 8639 8151 
8306 8258 8441 8397 7790 8674 8481 8412 7907 8523 
8259 7777 8187 8473 8125 7897 8719 8593 8430 7989 
8441 7908 8674 8523 8731 8208 7790 7798 8058 8097 
8261 7907 8306 7790 8522 8523 8327 8441 8058 8293 
8523 8441 7940 8615 8097 8341 7784 8058 8262 7790 
8306 8097 8263 8523 8058 8441 7790 8639 8018 8555 
8296 8446 8097 8325 7782 8491 8306 8673 8587 8523 
8265 8293 8523 7940 8639 7790 8615 8498 8406 8059 
8266 7790 8293 8615 7784 8008 8639 8523 8013 8498 
8306 8267 7907 7790 8523 8097 8058 8293 8403 8674 
8268 7939 8008 8341 8473 8125 8416 7808 8486 8490 
8674 7790 8269 8293 8511 8622 8313 7857 8731 8306 
8615 8463 8270 8416 7836 8341 8486 8196 8008 8713 
8523 8271 7940 8406 8341 8097 8059 8296 7790 8306 
8272 8244 8306 7972 8674 8481 8587 8441 8523 8397 
8273 7790 8058 7907 8097 8441 8293 8306 8615 8674 
8293 8274 8441 7798 8058 8615 8498 8684 8674 7790 
8275 8341 7940 8498 8296 8307 7784 8615 8381 8619 
8276 7940 8441 8058 8209 8313 7784 8684 7929 8296 
8615 8008 8125 8341 8277 7836 7940 8416 7784 8619 
8306 8441 8278 7790 8369 7972 8679 8097 7966 8481 
7790 8441 8312 8406 8018 8058 8279 8523 8197 8306 
8306 8441 8406 8058 8545 8555 8097 8684 7790 8395 
8341 8486 8008 8281 8615 7827 8490 8416 7939 8125 
8615 8282 8486 8713 8341 8008 7912 8125 8416 8490 
8441 8674 7790 8523 8283 8306 8403 8097 7908 8645 
8284 8097 8306 7790 8313 7940 8441 8523 7784 8511 
8285 8244 8619 8067 8710 8306 8397 8729 8645 7952 
8286 8397 7907 8175 8493 8244 8587 7972 7969 8446 
7908 8674 7790 8441 8058 8097 7833 7972 8639 8287 
8306 8523 8288 8097 7790 7907 8679 8058 8639 7940 
7907 7790 8674 8097 8639 8058 7884 8419 8615 8511 
8306 8441 8097 8674 7988 8058 7790 8079 8151 7996 
8293 8058 8291 8441 7790 8018 7784 8684 7798 8545 
8381 8288 8087 8058 8747 7833 7873 8296 8120 7798 
8293 8441 8615 8523 7790 8639 7798 8058 8674 8197 
8294 8403 8639 8679 7908 8441 8197 8097 7790 8674 
8295 8523 7940 8306 8293 8511 7790 8058 8522 8441 
8296 8341 7940 8097 8615 7784 8306 8523 8059 8441 
8297 7939 8008 8615 7784 7940 8381 7836 8266 8645 
8298 8674 7790 8097 8306 8172 8293 7928 8074 8542 
8299 8486 7912 8490 8341 8113 7929 7897 8615 8713 
7928 8202 8313 8035 8421 7972 8481 8674 8284 8493 
8301 8498 8087 8111 8511 7790 8731 8441 7798 8555 
8302 8151 8058 8675 8293 8498 8097 8615 8209 8197 
7907 8303 8097 7790 8679 8523 8306 8288 8615 8645 
8304 8293 8615 7940 8341 8511 8619 7929 7784 8307 
8305 8058 7996 8347 8307 8306 8490 8523 8485 8498 
8306 8523 8097 8441 7790 8674 8058 8679 8293 7940 
8307 8341 7940 8615 8008 7784 8293 8523 8619 8313 
8308 8341 7784 7940 8615 8008 8125 8307 7836 8293 
8523 8615 7784 8097 8679 8309 8059 8293 7790 8441 
8306 8310 8523 8097 7790 8058 8511 8441 8679 7940 
8306 8441 7790 7857 8293 8523 8058 8097 8674 7972 
8441 8312 8306 8097 8058 8523 8293 7790 8639 8406 
8313 8293 8441 8097 7790 7940 7784 8523 8511 8615 
8314 8523 8406 8008 8645 8421 8615 8555 8639 8441 
8315 8008 8615 8713 8341 8293 8490 8670 7784 7827 
8316 8341 7940 8615 8421 8059 8097 7784 8296 8441 
8317 8484 8639 8293 8078 8347 8210 8507 8018 7928 
8318 8615 7784 7940 8523 8097 8441 8341 8619 8059 
8306 8097 8674 7790 8441 8319 8523 8058 8639 8293 
8320 7784 8341 8491 8511 7833 8097 7836 8313 7790 
8321 8416 8615 8125 8008 7939 7836 8341 8486 8463 
8441 7790 8058 8322 8097 7857 7940 8511 7972 8306 
8341 8008 8615 8486 7827 8416 8323 8473 8125 8617 
7907 8498 8485 7988 7789 7790 8306 7784 8097 8604 
8325 7790 8523 8615 8293 7784 8511 8058 8097 7940 
8326 8674 7790 8097 8306 8639 8441 7908 8058 7988 
8327 8306 8523 8097 8441 8293 8639 7790 7784 8674 
8328 8293 7885 8511 8055 8313 8622 8674 8484 8340 
8341 7940 8615 7784 8329 8523 8059 8296 7827 8604 
8097 8306 8523 7790 8330 8679 7940 8059 7996 7833 
8341 8331 8615 8498 7940 8296 8008 8619 8307 8381 
8306 8097 8267 8475 8679 7907 7988 7996 8450 8081 
7940 8341 8615 8619 7784 8333 8604 8125 7836 8318 
8334 8485 7940 8545 8498 7963 7929 8695 8059 8511 
7790 7907 8306 8335 8097 8523 8441 8403 8674 8639 
8336 8327 8674 8491 7899 8523 8481 7790 8313 8493 
8306 8615 8523 8639 8097 8674 7972 7940 7907 8208 
8338 8059 8296 8421 7940 8523 8406 7833 8645 8097 
8034 8067 8563 8209 7939 8406 7770 8555 8244 7990 
8340 8293 7790 8511 8306 8441 8615 8097 8679 8639 
8341 8615 8008 7827 8486 8125 7940 7784 8416 8307 
8342 8125 8484 8206 8232 8307 8013 7939 8275 8490 
8343 8523 8306 7940 8615 8511 8097 7972 7790 8059 
8615 8523 8306 8341 8673 8097 7784 7790 8008 8059 
8441 8058 7790 8306 8097 8312 8293 8674 8523 7857 
8341 8615 7827 8346 8416 8486 8463 8008 7929 8490 
8347 8293 8523 7790 8441 8306 8058 8097 8639 8406 
8441 8679 8306 8362 8484 7952 7790 8312 8313 7963 
8441 8058 8312 8293 8523 8306 8349 8097 7790 8209 
8097 8441 7907 8403 8306 8679 8639 7908 8523 8674 
8293 8441 8615 8058 8490 8341 8351 8401 8523 7798 
8486 8463 8341 8113 7897 7836 8490 7886 8730 8182 
8353 8341 7897 8242 8713 8293 8700 7827 7995 7990 
8354 8490 8486 8209 8080 8293 8341 7827 7912 7836 
7790 8523 8306 8097 8355 7907 7940 8511 8639 8058 
8058 8441 8097 8293 8523 8356 7790 8306 7798 7789 
8306 8357 8511 8441 8523 8058 7940 8097 8679 8615 
8358 8097 8306 8441 8523 8555 8058 7790 8208 8679 
8359 8674 8097 8639 8441 7825 7790 7907 8523 8018 
8360 8293 8615 7784 8341 7790 7940 8058 8523 8441 
8361 8523 8293 7790 8406 8615 8058 8097 8441 8306 
8362 8341 7940 8307 8611 8313 8296 8058 7929 8490 
7907 8306 8363 7790 8058 8097 8288 8723 8293 8111 
8375 7868 8172 7784 8674 7790 8192 8395 7857 8306 
8306 8097 8523 7790 8615 7907 8679 8197 8059 8639 
8306 8366 7790 8097 8523 8051 8679 7907 8288 8403 
8441 8306 7994 7790 7996 8312 8543 8395 8327 8444 
8674 8232 8325 7885 7990 7798 8700 7836 8578 7790 
8369 8306 8523 7790 7972 8511 8674 7907 8058 8441 
8370 8441 8058 7784 7940 7790 8059 8306 8684 8522 
8441 8523 8058 8306 8293 8097 8615 7940 7790 8371 
8306 8441 8097 7790 8293 8615 8679 8523 8639 8058 
8373 8523 8097 8421 8645 7940 8318 8511 7784 8615 
8306 8674 7907 8097 8523 8403 7790 8374 8450 8319 
8306 8375 8523 8097 8441 8674 8679 7907 7790 8058 
8306 7857 8441 7790 8097 8058 8674 8376 8293 8684 
8511 8674 7790 8523 7784 7972 8306 8059 8639 7907 
8378 7790 8523 7940 8097 8306 8058 8293 8406 8511 
8306 8058 8379 8441 8097 7790 8293 7996 7789 8674 
7907 7885 7790 8306 8680 8441 8058 8293 8679 8615 
8381 8615 8341 7940 8523 8293 7784 8511 8463 8619 
8523 8382 8097 8008 8679 8197 7972 7940 8013 8347 
8441 8097 7790 8058 8306 7940 8406 8383 7784 7857 
8306 7790 8384 8441 8674 7868 8511 7857 8312 8058 
8523 8306 8385 7790 8097 8679 8197 8441 8645 8058 
8386 8615 8125 7784 8498 8643 8111 8491 8511 8008 
8306 8387 7790 8679 7879 8375 8347 7907 8210 8097 
8388 8615 8341 8381 8125 8293 8008 7836 8296 8729 
8389 8058 7996 7790 8750 8221 8518 8150 7988 8097 
8390 8097 8498 8679 8013 8421 8111 8034 8313 7790 
8391 8293 7790 8674 8441 8306 7857 8097 8058 8312 
8392 8306 7790 8097 7907 7789 8615 8523 8522 8059 
7827 8341 7784 8473 8125 7940 8441 8615 8008 8318 
8394 8306 8523 8097 7940 7784 8059 8639 7790 8192 
8395 8441 8523 8058 8306 8097 7940 8293 8059 8615 
8306 8441 8097 7940 8396 8523 8059 8058 7790 7784 
8397 8306 8523 7833 7972 8674 8097 8679 8327 7790 
8398 7940 7784 8097 8306 7790 8523 8511 8059 8441 
8639 8523 8018 8731 8645 8325 8406 8615 8403 7940 
8400 8639 8460 8192 7996 8018 8347 8523 7940 8568 
8293 8401 8441 8615 7790 8523 7784 8490 8058 8008 
8402 7790 8306 8097 8523 8441 7996 8731 8293 8403 
8403 8306 8523 8674 8441 8293 8639 7790 8097 8679 
8343 8209 8523 7790 8176 8489 8293 7784 8349 8645 
8405 8674 8523 8615 7790 8511 7986 8619 8306 7988 
8406 8523 8306 8293 8441 8097 7790 8058 8639 7940 
8058 8407 8441 8059 8523 8097 7940 8306 8347 8406 
8615 7784 8221 8293 8523 8511 7790 8296 7836 8604 
8615 8293 7784 8341 8522 8381 7798 8611 8125 7940 
8097 8306 8441 8296 8543 8604 8421 8023 8731 8523 
8306 8411 8674 8523 7907 8403 7972 8097 7790 8511 
8412 8306 7790 8674 8441 8079 8523 8097 8481 7988 
8413 8615 8522 8293 8341 8619 8604 7798 8498 7784 
7790 8441 8414 8058 8306 8097 8059 8523 7996 7940 
8097 8058 8523 8293 8406 7790 8441 8312 7940 8151 
8341 8416 8615 8008 8486 8125 7836 7827 8463 7940 
8417 8097 7857 7790 8313 8306 8293 7972 7940 8058 
7940 8293 8523 8058 8441 8615 7784 8511 8522 8097 
8419 8306 8441 8097 8523 8293 8615 7790 8679 8674 
8097 8313 7790 8059 8035 7963 8679 7810 8645 8481 
8421 7940 8341 8097 8059 7784 8523 8313 8296 8604 
8422 8403 8306 7879 8481 8523 8312 8319 8151 8058 
8423 8615 8511 7790 8679 7894 7789 7908 8441 8058 
8341 8615 8486 7827 7929 8008 8125 8296 7836 8523 
8341 7827 7784 8296 8684 8615 8008 8125 7881 8670 
7790 8674 8426 8293 7988 8441 8306 8391 8050 8403 
8058 8306 7790 8441 8555 7907 8523 8731 8018 8684 
8341 8008 7939 8416 8615 8125 8206 7827 7836 8486 
8674 8074 8639 8429 7790 8293 8441 7988 8767 8622 
8008 8430 8341 8615 8463 8125 7939 7836 8381 8710 
8615 8619 8125 8431 8511 8008 8341 7784 8522 8293 
8306 8674 8615 7907 8679 8284 8441 8208 8375 8313 
8306 8441 8369 7966 8433 7790 8397 7994 8244 8481 
8486 8615 7907 7912 8074 8293 8713 7798 7885 7929 
8341 8523 8296 8097 8435 7940 8306 8615 8058 7790 
8436 8008 8307 8615 7940 8293 7836 8296 7784 8341 
8306 8403 8523 8639 8208 8097 8679 7839 8008 7908 
8438 8306 8441 8058 8097 8059 7790 8151 8679 7857 
7907 7790 8674 8306 8097 8441 7810 8639 8375 8523 
7790 8440 8097 8306 7907 8639 8293 8523 8679 8419 
8441 8293 8523 8097 8306 8615 7790 8058 7784 7940 
8442 8307 7972 8341 7784 8650 8684 8695 8313 8473 
8441 8097 7784 8306 8058 8293 8523 7790 7868 8059 
8444 8306 8441 7952 8097 8523 7790 8674 8327 7972 
8403 7841 8639 7908 7825 8097 8115 8674 8164 8004 
8446 8615 8008 8498 8013 7784 8511 8087 8619 8523 
7790 8097 8447 8306 8639 8441 7907 8674 8403 8679 
8306 8097 8448 8523 8058 7790 8511 7907 8441 7940 
8441 8293 8615 8058 8449 7798 8523 7940 7784 7789 
8306 8450 8523 7790 8097 8674 8403 8058 7907 7988 
8451 8615 8523 7784 8441 8306 8097 7940 7790 7857 
8441 8306 7790 8097 8452 7857 8674 8197 8523 7908 
8097 7790 8306 8058 7940 7907 8523 7868 8441 8511 
8454 8306 7790 8441 8097 8058 8674 7857 8312 8523 
8615 8341 8455 8293 7912 7940 8713 8463 8441 8058 
8456 8058 8498 7940 8293 7784 8604 8441 8164 7912 
8306 8457 8441 8639 8523 8097 8347 8679 7996 7879 
8293 8401 8674 7796 7790 8013 8347 8050 8639 8441 
8327 7907 8058 8369 8472 7789 7974 8295 8386 8199 
8293 8460 8441 7790 8523 8639 8615 8511 7784 7940 
8306 8461 7907 7790 8058 8097 8441 8679 7789 8018 
8078 8315 8713 8645 8639 7912 8097 8747 8008 7852 
8463 8615 8341 8125 8293 7836 7784 8008 7940 8511 
8464 7790 8097 8441 8731 8523 8639 8679 7908 8018 
8523 8058 8341 8097 8306 8307 8381 8611 8563 8604 
8466 7940 8695 8307 7929 7897 7995 7827 8087 8008 
8467 8097 8306 8058 8639 7790 8441 8312 8018 8406 
8306 7790 8097 8468 8523 8058 8398 8059 8221 7907 
8341 7827 8615 8441 8416 8306 8486 8490 8670 8523 
8097 8523 8059 7833 8058 8470 7790 7857 8604 7784 
8441 8097 7790 8306 8293 8471 8639 8674 7857 8018 
8472 8125 8615 8523 7940 7784 8341 8008 8059 8511 
8473 8341 8125 8008 7827 7939 8416 8670 8421 8615 
8306 8441 8523 8058 8474 8097 7790 8679 8293 8555 
8306 8475 7790 8674 8097 7907 8523 8403 8481 8441 
8476 8611 8490 7827 8008 8695 7929 8713 8307 7784 
8306 7966 8623 8369 8058 8481 8397 7952 8375 8639 
7790 8441 8679 7907 8622 8406 8750 8645 7879 8097 
8306 8097 8441 8479 7790 8058 8406 8523 8018 8679 
8441 8306 8542 7790 8674 8312 8543 8412 8224 8523 
8306 8481 8097 8523 8441 7790 8679 8327 8639 8674 
7907 8306 8403 8097 8679 8482 8615 8293 8674 8745 
8306 8523 8097 7790 7907 8679 7940 8483 8058 7996 
8484 8210 8511 7790 8058 7935 8347 8164 8360 8639 
8485 7790 8293 8615 8058 8097 7784 8523 7940 8306 
8486 8341 8615 8008 7827 8490 8416 8125 8713 8498 
8498 8684 8296 8197 8744 8080 8308 8486 8617 8341 
8306 8441 7790 8523 8674 8097 8488 8058 8406 7972 
8293 8441 8489 7790 8058 8306 8523 8615 7798 8674 
8490 8341 8615 8441 8293 7827 8486 8008 8713 8058 
8491 8293 7790 8615 8511 8523 7784 8313 8097 8013 
8293 8674 8492 8622 8401 7790 8050 8391 7840 7988 
8306 8493 8674 8523 7907 7790 8441 7972 8511 8058 
8494 7939 8125 7836 8341 7940 8615 8307 8416 8092 
7881 7907 8615 8486 8489 8232 8713 7882 8196 8125 
8496 8197 8209 8675 8023 8210 8226 8150 7770 8097 
7790 8674 8306 8497 7988 8097 7907 8679 8058 8293 
8498 8615 8293 7784 8341 8523 7940 8441 8013 8008 
8499 8615 7940 8293 8058 7881 8340 8491 7810 8008 
8293 8441 7790 8674 8058 8639 7798 8500 8731 8615 
7836 8501 8615 8008 8486 8125 8281 8341 7784 8307 
8341 8502 8125 8473 7939 8008 8416 7836 8670 7827 
8341 8503 8615 8416 8125 7940 8008 8523 8619 8473 
8341 8125 8008 8615 7836 8486 8463 8416 8504 7939 
8505 8293 8615 8307 7836 8008 7790 8013 8713 8710 
8506 8293 8490 8486 8700 8498 8182 8713 7929 8008 
8507 8441 7790 8306 8097 8293 7940 8058 8679 8523 
8306 8097 8508 7790 8058 8018 8293 8523 8674 8406 
8509 7790 8097 8306 8058 8441 8293 8312 7988 8347 
8510 8498 8484 7885 7886 8097 8634 7939 8313 8308 
8511 8293 8615 7790 7940 7784 8306 8523 8441 8097 
8293 8512 8523 8306 8058 8615 8441 7940 7790 7798 
8306 8375 8018 8679 8097 8523 8674 8059 7952 8327 
8615 8341 8514 7827 8125 8486 8463 8519 7940 7784 
8341 8125 8615 8486 8008 7836 7939 8619 8537 8381 
8293 8516 8615 8713 8008 8401 7840 8485 8013 7784 
8293 8517 8341 8615 7940 8523 7784 8441 8498 7798 
8518 8097 8306 8523 7940 7790 8058 7784 8441 8293 
8615 8519 8008 8293 8486 8341 8713 7827 8490 7798 
8202 8175 8265 8210 8067 8035 7878 7770 8347 7837 
8441 8197 7790 8018 8097 8674 7996 8731 8403 8626 
8522 8306 8615 8441 8293 8511 7790 8523 8058 7940 
8523 8306 8293 8097 8441 8615 8058 7940 7972 7790 
8524 7784 8523 8013 8097 8306 8615 8679 8731 7940 
8525 7940 8615 7836 8619 8511 8307 8341 7784 7790 
7940 7790 8097 8712 7929 8684 8125 8197 7784 8554 
8615 8527 8498 8293 8008 8341 7798 8441 7784 8013 
8306 8528 8523 8674 8097 8441 7907 7790 8679 8051 
8306 8441 8097 8058 7790 8511 7907 8523 8679 8555 
8530 7940 8615 7929 7836 7784 8341 8486 8463 8522 
8531 7907 8523 8306 8013 8604 8674 8375 8341 7928 
8532 8293 8221 8491 7963 8554 7881 8340 8168 7790 
8533 8286 7830 8370 8522 7983 8684 8295 8511 7963 
8441 8534 8058 8523 7790 7940 8097 8306 8293 7784 
8306 8523 8097 8535 7790 8058 8441 7940 8679 7907 
8679 8731 8406 8327 8208 8058 7784 8013 8395 8059 
8537 8615 8341 7836 8008 8125 7939 8416 8486 7827 
8441 8293 8058 8538 7790 8615 8674 8097 8306 7798 
8615 8539 8293 7912 7798 8619 8441 8074 7784 8522 
8008 8540 8182 8307 8125 8670 8341 8293 8713 8232 
8306 8541 8097 8523 8441 8058 7790 8679 7833 8615 
8542 8306 7790 8097 8674 8441 8523 8312 8293 8058 
8543 8441 8306 8097 8058 7790 8293 8523 8674 8679 
8441 8523 8058 8097 8544 8209 8306 8312 8293 8341 
8545 7784 8441 8097 7790 8058 8293 7940 8615 8306 
8546 7790 8441 8523 8306 8097 8674 7996 8058 8312 
8306 8547 8097 8327 8481 7790 8448 7907 8555 8523 
8058 8008 8381 8523 8406 8307 8150 8341 8615 7784 
8441 8397 7790 7972 8116 8306 8172 8244 7868 7994 
8550 8615 8293 8341 7798 8713 8008 8416 8619 8125 
8615 8341 7827 8008 8670 8551 8617 8125 8486 8490 
8552 8341 8611 8008 7940 8308 8486 7929 7827 8307 
8511 8221 8674 8074 8293 7833 8340 8460 8639 7790 
8554 8306 8523 8097 7790 7940 8058 8511 8059 7784 
8306 8523 8097 8555 8441 8058 7940 8293 7790 8406 
8293 8523 8556 7940 8615 8463 8058 8313 8168 8112 
8341 8615 8490 8557 8486 8293 8441 8058 7940 7929 
8558 8125 8615 8008 7790 8341 8087 8463 8491 7881 
8559 7836 8537 7777 8719 8525 8308 8052 7897 8008 
8293 8560 7790 8639 8523 8441 7784 7940 8615 8058 
8306 8058 8441 7790 8312 8018 7940 8097 8406 7857 
8562 7939 8013 8395 8125 7836 8341 8112 8473 8008 
8563 8341 7940 8615 8008 8307 7827 8125 8486 8416 
8564 7972 8523 8731 8639 8403 7908 8361 7833 8208 
7973 7935 8172 8276 8545 8087 8174 7929 8535 8378 
7939 7836 8615 7912 7827 8713 8293 8700 8691 7929 
7940 8567 7784 8615 8523 8307 8341 8441 8293 8058 
8568 8523 7790 8306 8097 8441 8293 8639 8058 7940 
8569 8341 8615 8058 8293 7789 7940 7929 8684 8522 
7907 7790 8441 8615 7825 8097 8370 7789 8296 8209 
8486 8341 8571 8490 8615 8463 7907 8008 8232 7897 
8058 7790 8097 7940 8306 8523 8059 8406 8572 8421 
8341 7929 8307 8008 7897 7836 8486 7940 8523 8097 
8486 8341 7827 8008 8519 8490 7808 8281 8463 7929 
8575 8306 8097 7790 8441 8058 8523 7857 8397 8406 
7986 8306 7907 8125 7836 8619 8523 8615 8051 8511 
8577 8008 8615 8197 8307 8684 8150 7912 8293 7827 
8578 7784 7940 8619 8511 8615 8059 8523 7790 8341 
8306 7790 8441 8397 8579 7972 7952 8097 8398 7868 
7940 8580 8306 8523 8511 7784 8059 7790 7868 8097 
8581 8484 8315 8498 7777 8517 8502 8713 8067 8080 
8582 8511 8645 8058 8035 8545 7790 8674 8523 7907 
8306 8583 8674 8523 8081 8403 8097 8475 8481 8511 
8058 8097 8523 7990 8584 8150 7907 7790 8306 8675 
8306 7790 8674 8097 8585 8441 7857 8523 7972 8327 
8306 7790 8586 8674 8441 8097 7996 8679 8058 8375 
8587 8306 8674 8523 8397 7907 7790 8481 8051 8097 
8306 8588 8441 8523 8097 7907 7790 8058 7868 8522 
8589 8523 8441 8306 8097 7879 8058 7798 7907 8362 
8615 8341 8486 8293 8490 7798 8590 8008 8713 7827 
8591 8341 8034 8296 8485 8018 7886 8111 8545 8679 
8639 8306 8441 8097 8626 7908 8674 7839 7825 8523 
8593 8615 8293 8341 8416 7836 8463 8008 8511 7940 
8615 8341 8125 8008 8416 8486 8594 8463 7836 7939 
8306 8674 8403 8097 7790 7988 8523 8441 8595 7908 
8596 8615 8293 8511 7790 8523 8522 8491 8619 8729 
8306 8097 8058 7790 8059 8597 7907 8523 8441 8679 
8341 7939 8125 8486 7784 8313 8615 8729 8221 8293 
8615 8523 8599 8341 7907 7784 8097 7940 8619 7790 
8600 8059 7940 8058 8522 8523 8306 8296 8318 7952 
8306 8601 8293 8112 7940 8523 7784 7929 8611 8307 
8615 8008 8125 8670 8498 8446 8602 8643 8518 7995 
8603 7907 8306 8441 7868 8097 7790 8511 8523 7789 
8604 7940 8523 7784 8615 8341 8059 8097 8441 8293 
8605 8615 8523 8306 8058 8498 7784 8111 7940 8341 
8606 8615 8293 8441 8341 8486 8058 7798 8490 8498 
8306 8441 8312 8674 8607 7790 8018 8097 8679 8327 
8608 8523 8341 7940 7784 8097 8058 8318 8059 8615 
8341 8615 8416 8125 8008 8486 7827 8609 8463 8713 
8306 8610 7790 8674 8441 8097 7907 8523 7996 8312 
8611 7940 8341 8313 8441 8058 7784 7929 8615 8097 
8523 8018 8151 8306 8176 8615 8555 8058 8639 8293 
8341 8486 8713 8615 8125 8416 8519 7836 7827 8463 
8523 8639 8406 8208 8197 8679 8403 8306 7908 8293 
8615 8293 8523 8441 8008 7784 8341 7940 7798 8306 
8616 8674 8293 7790 8313 8050 8013 7840 8622 8401 
8615 8617 8341 8008 7827 8293 8486 8490 8713 8441 
8306 7907 8097 8723 8679 7996 8419 8441 8523 7790 
8619 8615 7940 7784 8523 8511 8306 7790 8097 8293 
8620 8615 8293 7798 8008 7790 8013 8713 8347 7784 
8621 7939 8486 8125 8008 8341 8362 7836 7897 7929 
8674 8622 7790 8293 8097 8441 8306 8639 8511 7988 
8306 8623 8441 7966 7790 8481 8674 8397 8369 8097 
8244 8674 7952 8412 8306 7972 8081 7857 8397 8542 
8615 7836 8341 8537 8463 8125 8486 7939 8416 7827 
8306 7790 8097 8626 8523 8403 8674 8639 8441 7908 
8615 8341 8008 8486 8416 8617 8490 8519 7836 8713 
8008 8615 8416 8341 8490 7836 8519 8713 8381 8537 
8306 7940 8097 8341 8293 7790 8307 7929 8441 8619 
7790 8441 7988 8097 8058 8347 8306 8731 8018 8293 
8441 8631 8341 8306 8097 8058 8486 8679 7940 8523 
8341 8632 7897 8700 7912 7990 8490 8370 8498 8486 
7939 8268 8067 7869 7857 8653 7837 8252 8052 8712 
8634 8293 8615 7798 7940 8713 8684 8058 8511 8341 
8441 8684 8293 8058 8615 8522 8306 8018 8395 8523 
7907 7790 7972 8441 8097 8555 8554 8398 8523 8058 
8523 8306 8097 7790 8327 7907 8208 8615 8511 8639 
8638 8306 8343 7927 8522 7907 8511 7789 8120 8058 
8639 8293 8523 7790 8306 8441 8097 8679 8615 8406 
8306 8523 8097 7790 8639 8058 8312 8441 8403 8522 
8341 8486 8490 7907 8680 8441 8543 7886 8306 8522 
8615 8522 8341 8642 8416 7798 8125 7940 7881 7836 
8615 8643 7784 8293 8008 8523 8013 8498 7790 7940 
8347 8293 7790 8441 8401 7912 8643 8058 8187 7990 
8645 8523 7790 8441 8097 7940 8293 8639 7784 7972 
8646 8674 8523 8306 7988 7790 8679 8441 8293 7907 
7784 8647 8058 7940 8619 8341 8013 8695 8296 7881 
8648 8486 8490 8615 8341 8293 7827 8713 7886 8684 
8306 8403 8674 7790 8639 8723 8097 7907 8111 8568 
8650 8097 8523 8441 8293 8058 7790 7784 8306 7940 
8651 8125 7939 8502 8652 8695 8052 8670 8030 7807 
8652 8341 8307 8008 8615 7784 7940 8604 7836 8446 
8653 8622 8293 8013 8674 8050 8340 8639 8511 8731 
8306 8523 8097 7790 7784 7940 8058 7857 8654 8441 
8306 8655 7907 8097 7996 8523 8441 7790 8723 8058 
8341 8296 7940 7837 8097 8473 8604 8421 8555 8059 
8615 8657 8293 7836 7790 8511 8522 7881 7798 8168 
8441 7790 8059 7996 8518 7833 7952 8522 8306 8523 
8511 8293 8221 8615 8419 7784 8207 8313 7963 8674 
8306 7952 8375 8511 8555 8740 8395 8058 8481 8244 
8306 8097 8523 8661 8058 8441 7790 8555 8511 7940 
8347 8403 8097 8639 8441 8197 7948 7839 8151 7908 
8097 7790 8306 8523 8679 8051 8403 7928 8491 7907 
8664 8523 8059 7790 7789 8058 8615 8522 7940 8406 
8665 8341 7897 7929 7907 8611 8441 8674 8325 8232 
8666 8293 7790 7940 8511 7784 8523 8341 8615 8307 
8058 8511 8493 8327 7907 8097 8523 7790 8639 8645 
8523 8441 8097 8341 7940 8058 7827 8668 8675 8421 
8669 8097 7940 8498 8058 8523 7790 8296 8347 8639 
8670 8008 8341 8615 8125 7827 8473 8013 7939 8486 
8671 8125 8087 8013 7836 8670 8209 8473 8639 8317 
8306 7789 8058 8523 8615 8097 8441 7790 8555 7784 
8673 8615 7784 7790 8523 8293 8511 7940 8619 8097 
8674 8306 8293 7790 8441 8523 8639 8097 7988 8511 
8675 8523 8293 8441 8306 8197 8097 8406 7972 8639 
8441 8676 7790 7973 8058 7907 8555 7868 8306 8731 
8441 8677 8341 8058 8097 8523 7827 7940 8306 8490 
8678 8490 8209 8313 8226 8362 7873 7827 7808 8232 
8679 8306 8097 8523 8441 8293 7790 8615 8639 8406 
8306 8680 8523 7790 8097 7907 8441 7833 8679 8511 
8306 8441 8097 7790 8058 7857 8523 8681 8406 7972 
7868 8058 8684 8226 8543 8417 7873 8723 8238 7788 
8341 8683 7827 8615 8490 7929 8486 7939 8008 8713 
8684 8293 8441 8615 7784 8058 7790 8523 7940 8306 
8615 8685 8341 7836 7940 8296 7784 8125 8463 8008 
8686 8523 8441 7784 7940 8511 8058 8097 7790 8522 
7790 8306 7784 8523 8511 8441 8687 7940 8097 8498 
8615 8688 8523 8441 8306 7784 8058 8097 8111 8679 
8689 7940 8604 7784 7857 7790 8522 8523 8619 8729 
7790 8615 8523 8690 7940 8341 8619 8097 7784 8306 
8615 8293 8691 8713 8486 8008 7784 8441 8341 7929 
8692 8008 7836 8125 8341 7939 8463 8307 8381 7940 
8693 8307 7790 8293 7836 7939 8604 8313 7784 8343 
8615 7836 8341 8463 8293 8511 8416 7784 8522 8694 
8695 8341 7940 8615 8313 7784 7929 8307 8293 8008 
8058 7940 8018 7790 7789 8441 7784 8097 8293 8498 
8697 7827 8486 8341 8490 8615 8125 7929 8008 8713 
8698 7790 8441 8312 8306 8542 8674 8079 7907 8050 
8674 8441 8391 7825 8347 7790 8306 8097 8403 8192 
8700 8341 8615 8307 7784 8293 8486 8713 8306 7836 
8701 7939 8484 8341 7929 8563 8362 8307 8060 8473 
8702 8341 8615 7940 8611 8293 8008 8307 7784 8498 
8703 8406 8645 8731 8441 8111 8058 8018 8097 7972 
8704 8511 8491 7790 8523 8221 8522 7784 8306 8729 
8705 8645 8522 8491 8295 7935 7810 7907 8619 8325 
8615 8341 8486 8008 7827 8441 8706 8490 8416 8713 
8306 7790 8523 8097 8707 7940 8522 7907 8441 8511 
8306 8097 8679 8208 7879 8723 8523 8340 8639 8568 
8306 8523 8097 8679 8615 7790 8709 7907 8674 8403 
8710 8615 7784 7836 8125 7940 8619 8511 8341 8008 
8523 8441 8306 8639 8403 8674 8097 8679 8375 7790 
8712 8097 7790 8058 8293 8441 7940 8523 8313 7784 
8713 8615 8293 8008 8341 8486 7798 7836 8490 7784 
8197 8441 8293 8523 8306 8675 7972 7790 8406 8058 
8050 8313 8604 7790 7963 8441 8511 8397 8523 7857 
8716 8417 7935 8307 8511 8221 8192 8421 8645 8578 
8674 8293 8441 7790 8717 8639 8731 7908 7857 7988 
8306 8718 7790 8441 7868 8058 8097 8489 8481 8523 
8719 7836 8615 8341 8463 8293 8511 7784 8125 7963 
8720 7836 8125 7940 8511 8695 8619 8341 8168 8615 
8721 8097 8313 7827 8441 7929 8341 8306 7940 7784 
8341 8293 8522 7798 7912 8296 8519 8232 8684 8490 
8306 7907 8723 8097 7790 8523 8058 8403 8679 8441 
8293 7784 8059 7940 8724 8604 8460 8058 7790 8684 
8306 7790 8441 8523 7857 7868 8097 8293 7825 8058 
8726 8615 8341 7836 8486 8381 8416 8008 7827 7784 
8306 7790 8727 8615 8097 7907 8296 7940 8523 8729 
8728 8615 8381 7881 8293 8491 8619 8168 8511 8498 
8729 8293 8523 8615 7790 7784 8306 8441 8058 8639 
8306 8293 7790 8097 7940 8523 8730 7784 8058 8511 
8731 8293 8441 7790 8639 8523 8306 8679 8674 8406 
8341 8615 8732 7836 8293 8486 8463 7940 8307 8498 
7940 8511 7790 7784 8059 8523 8293 8733 8097 8441 
8734 7939 8125 8296 8275 8007 8463 8744 8226 8411 
8735 8293 8441 8058 7790 8018 8523 8684 7940 8306 
8293 8674 7790 8441 7857 7988 8736 8731 8639 8543 
8306 8523 8737 8097 8375 8058 7790 8679 8441 7907 
8341 7940 8738 8421 8441 7784 8008 8615 8296 8097 
8441 8306 7790 8739 8523 8674 8097 7972 8412 8058 
8740 8441 8523 8097 8306 8293 8058 7940 7790 8313 
8741 8306 8018 7790 8293 8097 8523 8489 8639 8674 
8742 8209 8067 7837 7857 8484 8310 7873 8226 8750 
8523 7972 7789 8511 8491 8318 8645 7940 7790 8058 
8744 8511 8523 7790 7784 7940 8522 8615 8306 8097 
7907 8306 8745 8615 8097 7790 8679 8293 8511 8674 
8306 8097 8441 7790 8221 8554 8481 8674 8312 8746 
8747 8615 8639 8523 7790 8498 8293 8441 8406 8511 
8378 7871 8265 7912 8283 7940 7869 8744 8313 8176 
8306 8441 7790 8097 8749 8312 8639 8018 8058 8523 
8750 8097 8523 8441 8293 8306 7940 8058 7784 8313 
8238 8684 8645 8441 8523 7940 7983 7952 7868 8306 
8306 8752 7790 8441 8397 8097 8523 8450 8680 7972 
8753 8315 7972 8008 7837 7873 8403 8523 8608 7806 
8341 8441 7827 8486 8164 8097 8313 7929 8615 7790 
8615 8490 8058 7827 8293 8486 8674 8684 7784 8441 
8756 8341 8008 8416 8463 7836 7939 8307 8486 8381 
8615 8008 8341 8486 8416 8757 8713 7827 8537 7836 
7939 8645 7879 8611 8679 8568 7906 8097 8275 7929 
8615 7907 8293 8759 8523 7790 7996 8058 8511 8306 
8097 8293 8360 7790 8441 8058 7857 7798 8615 7929 
8058 8761 8441 8293 7940 8684 8523 8097 7784 8498 
8341 8486 7827 8112 8306 7798 8307 8008 8611 8293 
8419 8343 7784 7940 8341 8293 7990 8604 8679 8340 
8523 8293 8615 8764 8008 8639 8441 8306 7784 7790 
8341 8197 8008 8403 7907 8288 8111 7989 8463 8273 
8341 8486 7827 8766 8490 8463 8615 7897 8617 8008 
8674 8293 8441 7790 8767 7798 7988 8058 8523 7857 
8035 8210 8182 8097 8293 8497 8518 8723 8018 8673 
